# benchmark=glyphastore_concurrent_maintenance
# git_sha=f999cac-dirty
# scenario=churn
# warmups=0;measured_repeats=7;threads=4;operations=8192;keys=128;value_bytes=32768;reclaim_value_bytes=262144;put_percent=100;cooldown_ms=250
# storage_mode=durable-periodic;workers=2;reclaim_worker=0;foreground_worker=1;seed_operations=1024;seed_flush=true
# cooperative_policy=one public Store::compact at foreground start
# background_policy=min_eval_interval_ms=max_eval_interval_ms=10;dead_byte_ratio_bp_normal=5000;max_copy_bytes_per_cycle=default
# latency_measurement=per-operation steady_clock;instrumented throughput
mode,repeat,operations,get_operations,put_operations,foreground_s,foreground_ops_s,p50_us,p95_us,p99_us,max_us,get_p50_us,get_p95_us,get_p99_us,get_max_us,put_p50_us,put_p95_us,put_p99_us,put_max_us,maintenance_attempts,maintenance_completed,maintenance_useful,maintenance_conflicts,maintenance_bytes_copied,maintenance_skips,maintenance_evaluations,maintenance_last_skip,candidate_worker,candidate_sealed_bytes,candidate_live_bytes,candidate_dead_bytes,candidate_dead_ratio_bp,rotation_attempts,rotations_committed,rotation_compaction_waits,rotation_final_record_commit_attempts,rotation_final_record_commits,rotation_total_publication_wait_ms,rotation_total_seal_ms,rotation_total_create_ms,rotation_total_manifest_publication_ms,rotation_total_other_execution_ms,rotation_total_execution_ms,rotation_total_final_record_commit_ms,rotation_maximum_total_ms,segments_after
background,1,8192,0,8192,1.120185,7313.074754,162.209000,812.250000,1332.542000,872689.291000,0.000000,0.000000,0.000000,0.000000,162.209000,812.250000,1332.542000,872689.291000,29,2,2,27,33665728,66,68,reclaim-threshold,0,32515776,32515776,0,0,4,4,0,4,4,0.001334,115.250334,122.544251,35.952375,0.560165,274.307125,0.701125,98.608917,4
background,2,8192,0,8192,1.111561,7369.816518,162.416000,795.958000,1297.833000,866827.625000,0.000000,0.000000,0.000000,0.000000,162.416000,795.958000,1297.833000,866827.625000,29,2,2,27,33665728,65,67,reclaim-threshold,0,32515776,32515776,0,0,4,4,0,4,4,0.000834,94.517081,132.176667,33.474376,0.442959,260.611083,0.685542,73.351167,4
background,3,8192,0,8192,1.133789,7225.328432,166.916000,850.875000,1458.125000,888190.375000,0.000000,0.000000,0.000000,0.000000,166.916000,850.875000,1458.125000,888190.375000,27,2,2,25,33665728,62,64,reclaim-threshold,0,32515776,32515776,0,0,4,4,0,4,4,0.001208,79.731167,126.658875,33.856043,0.461082,240.707167,0.692292,63.479375,4
background,4,8192,0,8192,1.113711,7355.587007,156.291000,831.042000,1397.042000,862531.625000,0.000000,0.000000,0.000000,0.000000,156.291000,831.042000,1397.042000,862531.625000,29,2,2,27,33665728,66,68,reclaim-threshold,1,1149952,1149952,0,0,4,4,0,4,4,0.000917,76.875582,141.787666,36.863916,0.714293,256.241457,0.649416,73.733916,4
background,5,8192,0,8192,1.117160,7332.881168,163.917000,797.042000,1339.750000,877687.916000,0.000000,0.000000,0.000000,0.000000,163.917000,797.042000,1339.750000,877687.916000,29,2,2,27,33665728,66,68,reclaim-threshold,1,1149952,1149952,0,0,4,4,1,4,4,4.045624,116.851750,122.675666,34.852291,0.661169,275.040876,0.706042,94.876000,4
background,6,8192,0,8192,1.766210,4638.179073,164.166000,1460.292000,4208.459000,1369831.125000,0.000000,0.000000,0.000000,0.000000,164.166000,1460.292000,4208.459000,1369831.125000,45,2,2,42,33665728,105,107,reclaim-threshold,1,1149952,1149952,0,0,4,4,1,4,4,5.898209,223.282666,392.623541,50.800166,0.961086,667.667459,0.692875,176.801000,4
background,7,8192,0,8192,1.754291,4669.692105,164.708000,1527.334000,3771.667000,1369772.541000,0.000000,0.000000,0.000000,0.000000,164.708000,1527.334000,3771.667000,1369772.541000,42,2,2,40,33665728,105,107,reclaim-threshold,0,32515776,32515776,0,0,4,4,1,4,4,7.775000,203.311083,405.600791,38.951042,0.523250,648.386166,0.683625,175.088916,4
