# benchmark=glyphastore_durable_compaction
# git_sha=fae4547-dirty
# storage_mode=durable-periodic;seed_flush_before_measurement=true
# compaction_scope=public Store::compact;one Worker;maintenance disabled
# warmups=1;measured_repeats=7
scenario,repeat,operations,live_keys,value_bytes,compacted,seed_s,compact_ms,reopen_ms,verify_ms,segments_before,segments_after,logical_mib_before,logical_mib_after,logical_mib_reclaimed,allocated_mib_before,allocated_mib_after,allocated_mib_reclaimed,source_records_verified,source_mib_verified,records_copied,copied_mib,records_dropped,expired_records_dropped,effective_scan_mib_s,copy_mib_s
copy-heavy,1,1536,1024,262144,1,1.756919,1768.521583,91.890917,230.862375,7,5,448.000000,320.000000,128.000000,448.000000,320.000000,128.000000,1018,254.577667,1018,254.577667,0,0,143.949426,143.949426
copy-heavy,2,1536,1024,262144,1,2.725149,1495.054167,91.869917,226.384208,7,5,448.000000,320.000000,128.000000,448.000000,320.000000,128.000000,1018,254.577667,1018,254.577667,0,0,170.279895,170.279895
copy-heavy,3,1536,1024,262144,1,1.677712,1494.983375,92.137625,225.160875,7,5,448.000000,320.000000,128.000000,448.000000,320.000000,128.000000,1018,254.577667,1018,254.577667,0,0,170.287959,170.287959
copy-heavy,4,1536,1024,262144,1,1.728814,1960.811459,89.967083,219.260750,7,5,448.000000,320.000000,128.000000,448.000000,320.000000,128.000000,1018,254.577667,1018,254.577667,0,0,129.832813,129.832813
copy-heavy,5,1536,1024,262144,1,1.800784,1656.617334,93.112375,236.620917,7,5,448.000000,320.000000,128.000000,448.000000,320.000000,128.000000,1018,254.577667,1018,254.577667,0,0,153.673188,153.673188
copy-heavy,6,1536,1024,262144,1,5.963953,1050.110583,91.515292,235.319459,7,5,448.000000,320.000000,128.000000,448.000000,320.000000,128.000000,1018,254.577667,1018,254.577667,0,0,242.429389,242.429389
copy-heavy,7,1536,1024,262144,1,1.122501,1078.128625,92.581833,236.697833,7,5,448.000000,320.000000,128.000000,448.000000,320.000000,128.000000,1018,254.577667,1018,254.577667,0,0,236.129216,236.129216
