# benchmark=glyphastore_durable_compaction
# git_sha=fae4547-dirty
# storage_mode=durable-periodic;seed_flush_before_measurement=true
# compaction_scope=public Store::compact;one Worker;maintenance disabled
# warmups=1;measured_repeats=7
scenario,repeat,operations,live_keys,value_bytes,compacted,seed_s,compact_ms,reopen_ms,verify_ms,segments_before,segments_after,logical_mib_before,logical_mib_after,logical_mib_reclaimed,allocated_mib_before,allocated_mib_after,allocated_mib_reclaimed,source_records_verified,source_mib_verified,records_copied,copied_mib,records_dropped,expired_records_dropped,effective_scan_mib_s,copy_mib_s
high-reclaim,1,1024,128,262144,1,1.185265,248.028292,10.129084,20.652750,5,2,320.000000,128.000000,192.000000,320.000000,128.000000,192.000000,124,31.009460,124,31.009460,0,0,125.023884,125.023884
high-reclaim,2,1024,128,262144,1,2.781275,265.701375,12.159625,27.000208,5,2,320.000000,128.000000,192.000000,320.000000,128.000000,192.000000,124,31.009460,124,31.009460,0,0,116.707941,116.707941
high-reclaim,3,1024,128,262144,1,1.150743,328.355584,12.217084,27.094292,5,2,320.000000,128.000000,192.000000,320.000000,128.000000,192.000000,124,31.009460,124,31.009460,0,0,94.438657,94.438657
high-reclaim,4,1024,128,262144,1,2.163231,256.746125,9.134417,20.464834,5,2,320.000000,128.000000,192.000000,320.000000,128.000000,192.000000,124,31.009460,124,31.009460,0,0,120.778689,120.778689
high-reclaim,5,1024,128,262144,1,1.350110,362.778291,12.078416,27.989500,5,2,320.000000,128.000000,192.000000,320.000000,128.000000,192.000000,124,31.009460,124,31.009460,0,0,85.477718,85.477718
high-reclaim,6,1024,128,262144,1,2.100678,265.785084,15.964125,27.917792,5,2,320.000000,128.000000,192.000000,320.000000,128.000000,192.000000,124,31.009460,124,31.009460,0,0,116.671184,116.671184
high-reclaim,7,1024,128,262144,1,1.257485,308.845250,12.157875,27.923041,5,2,320.000000,128.000000,192.000000,320.000000,128.000000,192.000000,124,31.009460,124,31.009460,0,0,100.404524,100.404524
