# benchmark=glyphastore_durable_compaction
# git_sha=fae4547-dirty
# storage_mode=durable-periodic;seed_flush_before_measurement=true
# compaction_scope=public Store::compact;one Worker;maintenance disabled
# warmups=1;measured_repeats=7
scenario,repeat,operations,live_keys,value_bytes,compacted,seed_s,compact_ms,reopen_ms,verify_ms,segments_before,segments_after,logical_mib_before,logical_mib_after,logical_mib_reclaimed,allocated_mib_before,allocated_mib_after,allocated_mib_reclaimed,source_records_verified,source_mib_verified,records_copied,copied_mib,records_dropped,expired_records_dropped,effective_scan_mib_s,copy_mib_s
low-reclaim,1,1024,768,262144,1,2.101958,1161.880542,77.918917,176.982041,5,4,320.000000,256.000000,64.000000,320.000000,256.000000,64.000000,764,191.058289,764,191.058289,0,0,164.438840,164.438840
low-reclaim,2,1024,768,262144,1,1.805111,2140.423375,69.613959,175.528167,5,4,320.000000,256.000000,64.000000,320.000000,256.000000,64.000000,764,191.058289,764,191.058289,0,0,89.261915,89.261915
low-reclaim,3,1024,768,262144,1,1.193985,1130.492750,69.569750,168.408500,5,4,320.000000,256.000000,64.000000,320.000000,256.000000,64.000000,764,191.058289,764,191.058289,0,0,169.004435,169.004435
low-reclaim,4,1024,768,262144,1,1.279065,1781.497792,56.543958,141.126667,5,4,320.000000,256.000000,64.000000,320.000000,256.000000,64.000000,764,191.058289,764,191.058289,0,0,107.245874,107.245874
low-reclaim,5,1024,768,262144,1,1.137752,1122.992333,69.271667,168.920417,5,4,320.000000,256.000000,64.000000,320.000000,256.000000,64.000000,764,191.058289,764,191.058289,0,0,170.133208,170.133208
low-reclaim,6,1024,768,262144,1,1.132169,1288.476416,69.777625,169.944416,5,4,320.000000,256.000000,64.000000,320.000000,256.000000,64.000000,764,191.058289,764,191.058289,0,0,148.282333,148.282333
low-reclaim,7,1024,768,262144,1,2.135636,1135.090875,68.970708,167.546458,5,4,320.000000,256.000000,64.000000,320.000000,256.000000,64.000000,764,191.058289,764,191.058289,0,0,168.319817,168.319817
