# benchmark=glyphastore_durable_compaction
# git_sha=fae4547-dirty
# storage_mode=durable-periodic;seed_flush_before_measurement=true
# compaction_scope=public Store::compact;one Worker;maintenance disabled
# warmups=1;measured_repeats=7
scenario,repeat,operations,live_keys,value_bytes,compacted,seed_s,compact_ms,reopen_ms,verify_ms,segments_before,segments_after,logical_mib_before,logical_mib_after,logical_mib_reclaimed,allocated_mib_before,allocated_mib_after,allocated_mib_reclaimed,source_records_verified,source_mib_verified,records_copied,copied_mib,records_dropped,expired_records_dropped,effective_scan_mib_s,copy_mib_s
medium-reclaim,1,1024,512,262144,1,2.278024,783.918250,55.043375,116.390541,5,3,320.000000,192.000000,128.000000,320.000000,192.000000,128.000000,508,127.038757,508,127.038757,0,0,162.056129,162.056129
medium-reclaim,2,1024,512,262144,1,1.225047,898.511417,47.024167,117.583541,5,3,320.000000,192.000000,128.000000,320.000000,192.000000,128.000000,508,127.038757,508,127.038757,0,0,141.388028,141.388028
medium-reclaim,3,1024,512,262144,1,1.944924,801.825875,47.019458,115.862375,5,3,320.000000,192.000000,128.000000,320.000000,192.000000,128.000000,508,127.038757,508,127.038757,0,0,158.436839,158.436839
medium-reclaim,4,1024,512,262144,1,1.262404,893.903667,47.437375,113.210625,5,3,320.000000,192.000000,128.000000,320.000000,192.000000,128.000000,508,127.038757,508,127.038757,0,0,142.116832,142.116832
medium-reclaim,5,1024,512,262144,1,2.165969,744.013625,46.601750,111.750250,5,3,320.000000,192.000000,128.000000,320.000000,192.000000,128.000000,508,127.038757,508,127.038757,0,0,170.747891,170.747891
medium-reclaim,6,1024,512,262144,1,1.163802,1131.591042,39.808750,82.025916,5,3,320.000000,192.000000,128.000000,320.000000,192.000000,128.000000,508,127.038757,508,127.038757,0,0,112.265609,112.265609
medium-reclaim,7,1024,512,262144,1,2.095141,768.440333,45.721708,111.138250,5,3,320.000000,192.000000,128.000000,320.000000,192.000000,128.000000,508,127.038757,508,127.038757,0,0,165.320262,165.320262
