# benchmark=glyphastore_durable_compaction
# git_sha=fae4547-dirty
# storage_mode=durable-periodic;seed_flush_before_measurement=true
# compaction_scope=public Store::compact;one Worker;maintenance disabled
# warmups=1;measured_repeats=7
scenario,repeat,operations,live_keys,value_bytes,compacted,seed_s,compact_ms,reopen_ms,verify_ms,segments_before,segments_after,logical_mib_before,logical_mib_after,logical_mib_reclaimed,allocated_mib_before,allocated_mib_after,allocated_mib_reclaimed,source_records_verified,source_mib_verified,records_copied,copied_mib,records_dropped,expired_records_dropped,effective_scan_mib_s,copy_mib_s
no-gain,1,1024,1024,262144,0,0.645894,135.309292,93.091542,208.908875,5,5,320.000000,320.000000,0.000000,320.000000,320.000000,0.000000,1020,255.077820,0,0.000000,1020,0,1885.146364,0.000000
no-gain,2,1024,1024,262144,0,0.642875,134.464166,93.239625,228.491000,5,5,320.000000,320.000000,0.000000,320.000000,320.000000,0.000000,1020,255.077820,0,0.000000,1020,0,1896.994771,0.000000
no-gain,3,1024,1024,262144,0,0.672744,137.857042,91.463583,224.300417,5,5,320.000000,320.000000,0.000000,320.000000,320.000000,0.000000,1020,255.077820,0,0.000000,1020,0,1850.306782,0.000000
no-gain,4,1024,1024,262144,0,0.607671,104.096000,69.757958,163.297833,5,5,320.000000,320.000000,0.000000,320.000000,320.000000,0.000000,1020,255.077820,0,0.000000,1020,0,2450.409428,0.000000
no-gain,5,1024,1024,262144,0,0.594415,134.551334,92.122208,224.810125,5,5,320.000000,320.000000,0.000000,320.000000,320.000000,0.000000,1020,255.077820,0,0.000000,1020,0,1895.765818,0.000000
no-gain,6,1024,1024,262144,0,0.635703,131.322209,77.381125,204.039500,5,5,320.000000,320.000000,0.000000,320.000000,320.000000,0.000000,1020,255.077820,0,0.000000,1020,0,1942.381428,0.000000
no-gain,7,1024,1024,262144,0,0.619649,105.801500,74.874042,211.521916,5,5,320.000000,320.000000,0.000000,320.000000,320.000000,0.000000,1020,255.077820,0,0.000000,1020,0,2410.909295,0.000000
