# benchmark=glyphastore_durable_compaction
# git_sha=fae4547-dirty
# storage_mode=durable-periodic;seed_flush_before_measurement=true
# compaction_scope=public Store::compact;one Worker;maintenance disabled
# warmups=1;measured_repeats=7
scenario,repeat,operations,live_keys,value_bytes,compacted,seed_s,compact_ms,reopen_ms,verify_ms,segments_before,segments_after,logical_mib_before,logical_mib_after,logical_mib_reclaimed,allocated_mib_before,allocated_mib_after,allocated_mib_reclaimed,source_records_verified,source_mib_verified,records_copied,copied_mib,records_dropped,expired_records_dropped,effective_scan_mib_s,copy_mib_s
ttl-50,1,1024,1024,262144,1,0.615491,550.023500,42.741334,115.903000,5,3,320.000000,192.000000,128.000000,320.000000,192.000000,128.000000,1020,255.077820,510,127.538910,510,510,463.758039,231.879020
ttl-50,2,1024,1024,262144,1,0.622786,516.001208,47.360750,104.242333,5,3,320.000000,192.000000,128.000000,320.000000,192.000000,128.000000,1020,255.077820,510,127.538910,510,510,494.335703,247.167851
ttl-50,3,1024,1024,262144,1,0.671585,597.248542,47.096750,119.969375,5,3,320.000000,192.000000,128.000000,320.000000,192.000000,128.000000,1020,255.077820,510,127.538910,510,510,427.088225,213.544113
ttl-50,4,1024,1024,262144,1,5.540990,3923.158000,47.318875,114.106459,5,3,320.000000,192.000000,128.000000,320.000000,192.000000,128.000000,1020,255.077820,510,127.538910,510,510,65.018493,32.509246
ttl-50,5,1024,1024,262144,1,0.872810,510.158750,46.036167,109.614500,5,3,320.000000,192.000000,128.000000,320.000000,192.000000,128.000000,1020,255.077820,510,127.538910,510,510,499.996952,249.998476
ttl-50,6,1024,1024,262144,1,0.706639,551.952500,38.312291,109.703417,5,3,320.000000,192.000000,128.000000,320.000000,192.000000,128.000000,1020,255.077820,510,127.538910,510,510,462.137267,231.068633
ttl-50,7,1024,1024,262144,1,0.643688,522.104042,46.060292,111.274041,5,3,320.000000,192.000000,128.000000,320.000000,192.000000,128.000000,1020,255.077820,510,127.538910,510,510,488.557451,244.278725
