# benchmark=glyphastore_durable_compaction
# git_sha=b971a15
# storage_mode=durable-periodic;seed_flush_before_measurement=true
# compaction_scope=public Store::compact;one Worker;maintenance disabled
# warmups=1;measured_repeats=7
scenario,repeat,operations,live_keys,value_bytes,compacted,seed_s,compact_ms,reopen_ms,verify_ms,segments_before,segments_after,logical_mib_before,logical_mib_after,logical_mib_reclaimed,allocated_mib_before,allocated_mib_after,allocated_mib_reclaimed,source_records_verified,source_mib_verified,records_copied,copied_mib,records_dropped,expired_records_dropped,pre_intent_ms,publication_lease_ms,pacing_delay_ms,pacing_sleep_count,pacing_burst_bytes,transient_metadata_lower_bound_mib,effective_scan_mib_s,copy_mib_s
high-reclaim,1,1024,128,262144,1,0.635692,120.001750,16.640625,27.064375,5,2,320.000000,128.000000,192.000000,320.000000,128.000000,192.000000,124,31.009460,124,31.009460,0,0,88.708167,31.272375,0.000000,0,0,0.280350,258.408402,258.408402
high-reclaim,2,1024,128,262144,1,0.618737,121.922292,11.863291,26.432500,5,2,320.000000,128.000000,192.000000,320.000000,128.000000,192.000000,124,31.009460,124,31.009460,0,0,89.703292,32.197000,0.000000,0,0,0.280350,254.337906,254.337906
high-reclaim,3,1024,128,262144,1,0.643718,125.996583,11.610958,28.123666,5,2,320.000000,128.000000,192.000000,320.000000,128.000000,192.000000,124,31.009460,124,31.009460,0,0,89.805292,36.171833,0.000000,0,0,0.280350,246.113503,246.113503
high-reclaim,4,1024,128,262144,1,0.607816,128.943208,12.409708,27.828792,5,2,320.000000,128.000000,192.000000,320.000000,128.000000,192.000000,124,31.009460,124,31.009460,0,0,101.191875,27.731333,0.000000,0,0,0.280350,240.489289,240.489289
high-reclaim,5,1024,128,262144,1,0.801750,170.048916,12.115000,26.827084,5,2,320.000000,128.000000,192.000000,320.000000,128.000000,192.000000,124,31.009460,124,31.009460,0,0,134.538291,35.487125,0.000000,0,0,0.280350,182.356120,182.356120
high-reclaim,6,1024,128,262144,1,1.214314,188.169333,12.029416,26.986583,5,2,320.000000,128.000000,192.000000,320.000000,128.000000,192.000000,124,31.009460,124,31.009460,0,0,153.530541,34.610166,0.000000,0,0,0.280350,164.795506,164.795506
high-reclaim,7,1024,128,262144,1,1.244834,187.879750,11.990292,27.890292,5,2,320.000000,128.000000,192.000000,320.000000,128.000000,192.000000,124,31.009460,124,31.009460,0,0,152.409125,35.447417,0.000000,0,0,0.280350,165.049509,165.049509
