# benchmark=glyphastore_durable_compaction
# git_sha=9ba7397
# storage_mode=durable-periodic;seed_flush_before_measurement=true
# compaction_scope=public Store::compact;one Worker;maintenance disabled
# warmups=1;measured_repeats=7
scenario,repeat,operations,live_keys,value_bytes,compacted,seed_s,compact_ms,reopen_ms,verify_ms,segments_before,segments_after,logical_mib_before,logical_mib_after,logical_mib_reclaimed,allocated_mib_before,allocated_mib_after,allocated_mib_reclaimed,source_records_verified,source_mib_verified,records_copied,copied_mib,records_dropped,expired_records_dropped,pre_intent_ms,publication_lease_ms,pacing_delay_ms,pacing_sleep_count,pacing_burst_bytes,transient_metadata_lower_bound_mib,effective_scan_mib_s,copy_mib_s
high-reclaim,1,1024,128,262144,1,1.269342,194.183667,12.311458,28.201333,5,2,320.000000,128.000000,192.000000,320.000000,128.000000,192.000000,124,31.009460,124,31.009460,0,0,159.439250,34.723250,0.000000,0,0,0.280350,159.691394,159.691394
high-reclaim,2,1024,128,262144,1,1.232349,186.526625,11.794625,27.698041,5,2,320.000000,128.000000,192.000000,320.000000,128.000000,192.000000,124,31.009460,124,31.009460,0,0,151.146333,35.360750,0.000000,0,0,0.280350,166.246832,166.246832
high-reclaim,3,1024,128,262144,1,1.195234,232.754500,11.785708,27.612792,5,2,320.000000,128.000000,192.000000,320.000000,128.000000,192.000000,124,31.009460,124,31.009460,0,0,195.965666,36.769959,0.000000,0,0,0.280350,133.228189,133.228189
high-reclaim,4,1024,128,262144,1,1.244215,205.047292,11.886125,27.966959,5,2,320.000000,128.000000,192.000000,320.000000,128.000000,192.000000,124,31.009460,124,31.009460,0,0,167.601458,37.427959,0.000000,0,0,0.280350,151.230773,151.230773
high-reclaim,5,1024,128,262144,1,1.223520,214.040459,11.845292,27.605917,5,2,320.000000,128.000000,192.000000,320.000000,128.000000,192.000000,124,31.009460,124,31.009460,0,0,167.261583,46.758542,0.000000,0,0,0.280350,144.876630,144.876630
high-reclaim,6,1024,128,262144,1,1.205471,254.031208,11.903292,28.160208,5,2,320.000000,128.000000,192.000000,320.000000,128.000000,192.000000,124,31.009460,124,31.009460,0,0,217.176875,36.834666,0.000000,0,0,0.280350,122.069492,122.069492
high-reclaim,7,1024,128,262144,1,1.299815,204.860250,11.842000,27.596791,5,2,320.000000,128.000000,192.000000,320.000000,128.000000,192.000000,124,31.009460,124,31.009460,0,0,169.441042,35.399500,0.000000,0,0,0.280350,151.368850,151.368850
