# benchmark=glyphastore_durable_compaction
# git_sha=b971a15
# storage_mode=durable-periodic;seed_flush_before_measurement=true
# compaction_scope=public Store::compact;one Worker;maintenance disabled
# warmups=1;measured_repeats=7
scenario,repeat,operations,live_keys,value_bytes,compacted,seed_s,compact_ms,reopen_ms,verify_ms,segments_before,segments_after,logical_mib_before,logical_mib_after,logical_mib_reclaimed,allocated_mib_before,allocated_mib_after,allocated_mib_reclaimed,source_records_verified,source_mib_verified,records_copied,copied_mib,records_dropped,expired_records_dropped,pre_intent_ms,publication_lease_ms,pacing_delay_ms,pacing_sleep_count,pacing_burst_bytes,transient_metadata_lower_bound_mib,effective_scan_mib_s,copy_mib_s
high-reclaim,1,1024,128,262144,1,1.150958,167.716208,12.685125,27.839625,5,2,320.000000,128.000000,192.000000,320.000000,128.000000,192.000000,124,31.009460,124,31.009460,0,0,133.718292,33.978625,0.000000,0,0,0.280350,184.892449,184.892449
high-reclaim,2,1024,128,262144,1,1.223681,167.031708,11.831708,26.313625,5,2,320.000000,128.000000,192.000000,320.000000,128.000000,192.000000,124,31.009460,124,31.009460,0,0,133.992042,33.018792,0.000000,0,0,0.280350,185.650143,185.650143
high-reclaim,3,1024,128,262144,1,1.174663,171.978041,11.960584,27.066042,5,2,320.000000,128.000000,192.000000,320.000000,128.000000,192.000000,124,31.009460,124,31.009460,0,0,137.083084,34.873417,0.000000,0,0,0.280350,180.310581,180.310581
high-reclaim,4,1024,128,262144,1,1.195625,169.047500,11.780500,23.573750,5,2,320.000000,128.000000,192.000000,320.000000,128.000000,192.000000,124,31.009460,124,31.009460,0,0,133.886375,35.138917,0.000000,0,0,0.280350,183.436374,183.436374
high-reclaim,5,1024,128,262144,1,1.153902,170.874500,11.743292,26.265334,5,2,320.000000,128.000000,192.000000,320.000000,128.000000,192.000000,124,31.009460,124,31.009460,0,0,138.742458,32.112792,0.000000,0,0,0.280350,181.475062,181.475062
high-reclaim,6,1024,128,262144,1,1.168754,225.997625,12.015000,28.121125,5,2,320.000000,128.000000,192.000000,320.000000,128.000000,192.000000,124,31.009460,124,31.009460,0,0,193.078791,32.900000,0.000000,0,0,0.280350,137.211444,137.211444
high-reclaim,7,1024,128,262144,1,1.382243,207.446042,11.819916,26.817042,5,2,320.000000,128.000000,192.000000,320.000000,128.000000,192.000000,124,31.009460,124,31.009460,0,0,167.445416,39.978459,0.000000,0,0,0.280350,149.482054,149.482054
