# benchmark=glyphastore_durable_compaction
# git_sha=9ba7397
# storage_mode=durable-periodic;seed_flush_before_measurement=true
# compaction_scope=public Store::compact;one Worker;maintenance disabled
# warmups=1;measured_repeats=7
scenario,repeat,operations,live_keys,value_bytes,compacted,seed_s,compact_ms,reopen_ms,verify_ms,segments_before,segments_after,logical_mib_before,logical_mib_after,logical_mib_reclaimed,allocated_mib_before,allocated_mib_after,allocated_mib_reclaimed,source_records_verified,source_mib_verified,records_copied,copied_mib,records_dropped,expired_records_dropped,pre_intent_ms,publication_lease_ms,pacing_delay_ms,pacing_sleep_count,pacing_burst_bytes,transient_metadata_lower_bound_mib,effective_scan_mib_s,copy_mib_s
high-reclaim,1,1024,128,262144,1,1.341856,182.543375,11.945417,27.595041,5,2,320.000000,128.000000,192.000000,320.000000,128.000000,192.000000,124,31.009460,124,31.009460,0,0,144.695500,37.826750,0.000000,0,0,0.280350,169.874478,169.874478
high-reclaim,2,1024,128,262144,1,1.283613,177.976875,11.903458,28.060875,5,2,320.000000,128.000000,192.000000,320.000000,128.000000,192.000000,124,31.009460,124,31.009460,0,0,141.847709,36.109500,0.000000,0,0,0.280350,174.233088,174.233088
high-reclaim,3,1024,128,262144,1,1.261120,201.073583,11.809667,27.748500,5,2,320.000000,128.000000,192.000000,320.000000,128.000000,192.000000,124,31.009460,124,31.009460,0,0,163.696667,37.353167,0.000000,0,0,0.280350,154.219465,154.219465
high-reclaim,4,1024,128,262144,1,1.305730,187.085917,11.897208,27.551666,5,2,320.000000,128.000000,192.000000,320.000000,128.000000,192.000000,124,31.009460,124,31.009460,0,0,149.948625,37.115084,0.000000,0,0,0.280350,165.749838,165.749838
high-reclaim,5,1024,128,262144,1,1.284701,190.613334,11.879833,27.550416,5,2,320.000000,128.000000,192.000000,320.000000,128.000000,192.000000,124,31.009460,124,31.009460,0,0,155.675334,34.916667,0.000000,0,0,0.280350,162.682535,162.682535
high-reclaim,6,1024,128,262144,1,1.258466,181.220209,11.783500,27.830959,5,2,320.000000,128.000000,192.000000,320.000000,128.000000,192.000000,124,31.009460,124,31.009460,0,0,145.153542,36.046000,0.000000,0,0,0.280350,171.114803,171.114803
high-reclaim,7,1024,128,262144,1,1.272451,194.906834,12.203666,28.589084,5,2,320.000000,128.000000,192.000000,320.000000,128.000000,192.000000,124,31.009460,124,31.009460,0,0,148.978500,45.906667,0.000000,0,0,0.280350,159.098887,159.098887
