# benchmark=glyphastore_concurrent_maintenance
# git_sha=fae4547-dirty
# scenario=churn
# warmups=0;measured_repeats=7;threads=4;operations=8192;keys=128;value_bytes=32768;reclaim_value_bytes=262144;put_percent=100;cooldown_ms=250
# storage_mode=durable-periodic;workers=2;reclaim_worker=0;foreground_worker=1;seed_operations=1024;seed_flush=true
# cooperative_policy=one public Store::compact at foreground start
# background_policy=min_eval_interval_ms=max_eval_interval_ms=10;dead_byte_ratio_bp_normal=5000;max_copy_bytes_per_cycle=default
# latency_measurement=per-operation steady_clock;instrumented throughput
mode,repeat,operations,get_operations,put_operations,foreground_s,foreground_ops_s,p50_us,p95_us,p99_us,max_us,get_p50_us,get_p95_us,get_p99_us,get_max_us,put_p50_us,put_p95_us,put_p99_us,put_max_us,maintenance_attempts,maintenance_completed,maintenance_useful,maintenance_conflicts,maintenance_bytes_copied,maintenance_skips,maintenance_evaluations,maintenance_last_skip,candidate_worker,candidate_sealed_bytes,candidate_live_bytes,candidate_dead_bytes,candidate_dead_ratio_bp,rotation_attempts,rotations_committed,rotation_compaction_waits,rotation_final_record_commit_attempts,rotation_final_record_commits,rotation_total_publication_wait_ms,rotation_total_seal_ms,rotation_total_create_ms,rotation_total_manifest_publication_ms,rotation_total_other_execution_ms,rotation_total_execution_ms,rotation_total_final_record_commit_ms,rotation_maximum_total_ms,segments_after
background,1,8192,0,8192,2.255328,3632.287564,238.541000,1554.250000,4291.666000,1717785.167000,0.000000,0.000000,0.000000,0.000000,238.541000,1554.250000,4291.666000,1717785.167000,68,2,2,65,33665728,162,164,reclaim-threshold,0,32515776,32515776,0,0,4,4,0,4,4,0.001417,259.454584,526.904000,77.760750,1.328958,865.448292,1.140958,254.082875,4
background,2,8192,0,8192,3.332901,2457.918546,239.333000,1687.792000,5030.750000,2843826.416000,0.000000,0.000000,0.000000,0.000000,239.333000,1687.792000,5030.750000,2843826.416000,107,2,2,105,33665728,259,261,reclaim-threshold,1,1149952,1149952,0,0,4,4,0,4,4,0.001667,957.701041,753.899334,60.148750,1.932166,1773.681291,2.725250,1125.782667,4
background,3,8192,0,8192,2.281084,3591.275222,247.333000,2141.458000,6649.417000,706217.959000,0.000000,0.000000,0.000000,0.000000,247.333000,2141.458000,6649.417000,706217.959000,46,2,2,44,33797128,128,130,reclaim-threshold,0,32515776,32515776,0,0,4,4,0,4,4,0.002042,131.646501,277.658875,44.758917,1.044916,455.109209,0.884500,199.862250,4
background,4,8192,0,8192,2.482117,3300.407929,274.042000,2268.042000,4448.667000,1149791.291000,0.000000,0.000000,0.000000,0.000000,274.042000,2268.042000,4448.667000,1149791.291000,62,2,2,60,33895712,148,150,reclaim-threshold,0,32515776,32515776,0,0,4,4,0,4,4,0.001125,256.305333,475.524333,47.766584,2.177667,781.773917,2.108916,202.937500,4
background,5,8192,0,8192,1.374320,5960.765509,185.458000,951.750000,3531.541000,868901.584000,0.000000,0.000000,0.000000,0.000000,185.458000,951.750000,3531.541000,868901.584000,38,2,2,36,33797128,102,104,reclaim-threshold,0,32515776,32515776,0,0,4,4,0,4,4,0.001291,113.521750,191.230416,40.420043,1.397875,346.570084,0.887708,88.116083,4
background,6,8192,0,8192,2.975513,2753.138665,354.625000,3185.000000,9358.125000,271951.167000,0.000000,0.000000,0.000000,0.000000,354.625000,3185.000000,9358.125000,271951.167000,75,2,2,73,33698584,178,180,reclaim-threshold,1,1182808,1182808,0,0,4,4,0,4,4,0.000917,247.385542,455.605126,67.003000,1.235664,771.229332,4.962459,208.475666,4
background,7,8192,0,8192,1.948629,4203.982082,326.708000,1712.417000,5595.209000,122737.166000,0.000000,0.000000,0.000000,0.000000,326.708000,1712.417000,5595.209000,122737.166000,52,2,2,49,33895712,128,130,reclaim-threshold,0,32515776,32515776,0,0,4,4,1,4,4,7.997458,118.075916,180.412000,42.516250,1.011085,342.015251,1.674875,100.662000,4
