# benchmark=glyphastore_concurrent_maintenance
# git_sha=fae4547-dirty
# scenario=mixed
# warmups=1;measured_repeats=7;threads=4;operations=15360;keys=128;value_bytes=65536;reclaim_value_bytes=262144;put_percent=5;cooldown_ms=250
# storage_mode=durable-periodic;workers=2;reclaim_worker=0;foreground_worker=1;seed_operations=1024;seed_flush=true
# cooperative_policy=one public Store::compact at foreground start
# background_policy=min_eval_interval_ms=max_eval_interval_ms=10;dead_byte_ratio_bp_normal=5000;max_copy_bytes_per_cycle=default
# latency_measurement=per-operation steady_clock;instrumented throughput
mode,repeat,operations,get_operations,put_operations,foreground_s,foreground_ops_s,p50_us,p95_us,p99_us,max_us,get_p50_us,get_p95_us,get_p99_us,get_max_us,put_p50_us,put_p95_us,put_p99_us,put_max_us,maintenance_attempts,maintenance_completed,maintenance_useful,maintenance_conflicts,maintenance_bytes_copied,maintenance_skips,maintenance_evaluations,maintenance_last_skip,candidate_worker,candidate_sealed_bytes,candidate_live_bytes,candidate_dead_bytes,candidate_dead_ratio_bp,rotation_attempts,rotations_committed,rotation_compaction_waits,rotation_final_record_commit_attempts,rotation_final_record_commits,rotation_total_publication_wait_ms,rotation_total_seal_ms,rotation_total_create_ms,rotation_total_manifest_publication_ms,rotation_total_other_execution_ms,rotation_total_execution_ms,rotation_total_final_record_commit_ms,rotation_maximum_total_ms,segments_after
background,1,15360,14615,745,0.361039,42543.870521,20.500000,60.334000,2477.041000,35418.708000,20.416000,27.541000,37.500000,1414.000000,482.417000,4381.750000,8954.916000,35418.708000,1,1,1,0,32515776,8,9,reclaim-threshold,0,32515776,32515776,0,0,0,0,0,0,0,0.000000,0.000000,0.000000,0.000000,0.000000,0.000000,0.000000,0.000000,3
background,2,15360,14615,745,0.339656,45222.285818,22.125000,79.375000,2324.333000,31466.083000,21.916000,40.917000,60.292000,851.708000,450.041000,4152.375000,7786.709000,31466.083000,1,1,1,0,32515776,8,9,reclaim-threshold,0,32515776,32515776,0,0,0,0,0,0,0,0.000000,0.000000,0.000000,0.000000,0.000000,0.000000,0.000000,0.000000,3
background,3,15360,14615,745,0.388892,39496.848008,22.875000,69.917000,2630.000000,66959.500000,22.584000,36.583000,50.125000,992.833000,587.375000,4225.041000,9186.833000,66959.500000,1,1,1,0,32515776,8,9,reclaim-threshold,0,32515776,32515776,0,0,0,0,0,0,0,0.000000,0.000000,0.000000,0.000000,0.000000,0.000000,0.000000,0.000000,3
background,4,15360,14615,745,0.349002,44011.209105,22.000000,68.458000,2381.958000,34373.959000,21.792000,34.375000,49.542000,1034.916000,502.917000,4208.292000,8715.709000,34373.959000,1,1,1,0,32515776,7,8,reclaim-threshold,0,32515776,32515776,0,0,0,0,0,0,0,0.000000,0.000000,0.000000,0.000000,0.000000,0.000000,0.000000,0.000000,3
background,5,15360,14615,745,0.347701,44175.876208,20.958000,65.250000,2529.541000,33871.958000,20.833000,29.084000,42.541000,1037.041000,617.834000,4093.959000,7277.792000,33871.958000,1,1,1,0,32515776,7,8,reclaim-threshold,0,32515776,32515776,0,0,0,0,0,0,0,0.000000,0.000000,0.000000,0.000000,0.000000,0.000000,0.000000,0.000000,3
background,6,15360,14615,745,0.332456,46201.614292,20.208000,60.708000,2414.834000,19086.167000,20.125000,25.250000,34.083000,657.291000,515.042000,3886.791000,8707.541000,19086.167000,1,1,1,0,32515776,7,8,reclaim-threshold,0,32515776,32515776,0,0,0,0,0,0,0,0.000000,0.000000,0.000000,0.000000,0.000000,0.000000,0.000000,0.000000,3
background,7,15360,14615,745,0.348022,44135.119703,20.500000,64.208000,2426.292000,16043.250000,20.416000,26.500000,36.292000,710.291000,611.167000,4179.041000,9329.541000,16043.250000,1,1,1,0,32515776,7,8,reclaim-threshold,0,32515776,32515776,0,0,0,0,0,0,0,0.000000,0.000000,0.000000,0.000000,0.000000,0.000000,0.000000,0.000000,3
