# benchmark=glyphastore_concurrent_maintenance
# git_sha=31bd35f-dirty
# scenario=churn
# warmups=0;measured_repeats=7;threads=4;operations=8192;keys=128;value_bytes=32768;reclaim_value_bytes=262144;put_percent=100;cooldown_ms=250
# storage_mode=durable-periodic;workers=2;reclaim_worker=0;foreground_worker=1;seed_operations=1024;seed_flush=true
# cooperative_policy=one public Store::compact at foreground start
# background_policy=min_eval_interval_ms=max_eval_interval_ms=10;dead_byte_ratio_bp_normal=5000;max_copy_bytes_per_cycle=default
# latency_measurement=per-operation steady_clock;instrumented throughput
mode,repeat,operations,get_operations,put_operations,generation_backpressure_retries,foreground_s,foreground_ops_s,p50_us,p95_us,p99_us,max_us,get_p50_us,get_p95_us,get_p99_us,get_max_us,put_p50_us,put_p95_us,put_p99_us,put_max_us,maintenance_attempts,maintenance_completed,maintenance_useful,maintenance_conflicts,maintenance_bytes_copied,maintenance_skips,maintenance_evaluations,maintenance_last_skip,candidate_worker,candidate_sealed_bytes,candidate_live_bytes,candidate_dead_bytes,candidate_dead_ratio_bp,rotation_attempts,rotations_committed,rotation_compaction_waits,rotation_final_record_commit_attempts,rotation_final_record_commits,rotation_total_publication_wait_ms,rotation_total_seal_ms,rotation_total_create_ms,rotation_total_manifest_publication_ms,rotation_total_other_execution_ms,rotation_total_execution_ms,rotation_total_final_record_commit_ms,rotation_maximum_total_ms,segments_after
background,1,8192,0,8192,0,1.173404,6981.400192,165.958000,825.834000,1534.292000,440935.833000,0.000000,0.000000,0.000000,0.000000,165.958000,825.834000,1534.292000,440935.833000,30,2,2,28,33895712,69,71,reclaim-threshold,0,32515776,32515776,0,0,4,4,0,4,4,0.000835,91.304208,156.361043,40.983415,0.606042,289.254708,0.703375,100.070959,4
background,2,8192,0,8192,0,1.143412,7164.520842,163.334000,818.625000,1341.750000,884526.208000,0.000000,0.000000,0.000000,0.000000,163.334000,818.625000,1341.750000,884526.208000,27,2,2,25,33665728,64,66,reclaim-threshold,1,1149952,1149952,0,0,4,4,0,4,4,0.001291,103.037000,126.836957,33.947876,0.512042,264.333875,0.682459,87.810083,4
background,3,8192,0,8192,0,1.164802,7032.952192,162.084000,791.625000,1368.250000,880780.375000,0.000000,0.000000,0.000000,0.000000,162.084000,791.625000,1368.250000,880780.375000,29,2,2,27,33665728,66,68,reclaim-threshold,1,1149952,1149952,0,0,4,4,1,4,4,24.249959,83.625375,134.782874,36.919874,0.578169,255.906292,0.677582,90.153708,4
background,4,8192,0,8192,0,1.128653,7258.206620,159.333000,821.750000,1471.792000,872316.667000,0.000000,0.000000,0.000000,0.000000,159.333000,821.750000,1471.792000,872316.667000,28,2,2,26,33665728,64,66,reclaim-threshold,1,1149952,1149952,0,0,4,4,0,4,4,0.001667,76.231917,129.773374,37.837167,0.442584,244.285042,0.675625,62.848167,4
background,5,8192,0,8192,0,1.147544,7138.726942,159.083000,854.708000,1387.458000,892285.292000,0.000000,0.000000,0.000000,0.000000,159.083000,854.708000,1387.458000,892285.292000,28,2,2,25,33665728,63,65,reclaim-threshold,0,32515776,32515776,0,0,4,4,1,4,4,20.623749,80.646584,129.719459,37.956834,0.382457,248.705334,0.723251,91.573750,4
background,6,8192,0,8192,0,1.161469,7053.139296,161.875000,848.959000,1308.500000,899519.125000,0.000000,0.000000,0.000000,0.000000,161.875000,848.959000,1308.500000,899519.125000,28,2,2,26,33665728,64,66,reclaim-threshold,1,1149952,1149952,0,0,4,4,1,4,4,15.581793,78.763208,130.446458,39.247083,0.396209,248.852958,0.677084,80.472334,4
background,7,8192,0,8192,0,1.128924,7256.465080,159.625000,821.958000,1357.125000,868479.959000,0.000000,0.000000,0.000000,0.000000,159.625000,821.958000,1357.125000,868479.959000,27,2,2,25,33665728,61,63,reclaim-threshold,0,32515776,32515776,0,0,4,4,1,4,4,9.696208,75.499249,127.810833,35.188168,0.332167,238.830417,0.678083,74.667833,4
