# benchmark=glyphastore_durable_compaction
# git_sha=31bd35f-dirty
# storage_mode=durable-periodic;seed_flush_before_measurement=true
# compaction_scope=public Store::compact;one Worker;maintenance disabled
# warmups=1;measured_repeats=7
scenario,repeat,operations,live_keys,value_bytes,compacted,seed_s,compact_ms,reopen_ms,verify_ms,segments_before,segments_after,logical_mib_before,logical_mib_after,logical_mib_reclaimed,allocated_mib_before,allocated_mib_after,allocated_mib_reclaimed,source_records_verified,source_mib_verified,records_copied,copied_mib,records_dropped,expired_records_dropped,effective_scan_mib_s,copy_mib_s
copy-heavy,1,1536,1024,262144,1,2.959044,1532.210083,96.618041,227.227125,7,5,448.000000,320.000000,128.000000,448.000000,320.000000,128.000000,1018,254.577667,1018,254.577667,0,0,166.150628,166.150628
copy-heavy,2,1536,1024,262144,1,1.718252,1486.491042,92.097459,224.709875,7,5,448.000000,320.000000,128.000000,448.000000,320.000000,128.000000,1018,254.577667,1018,254.577667,0,0,171.260815,171.260815
copy-heavy,3,1536,1024,262144,1,1.743922,1458.733292,91.629167,223.925750,7,5,448.000000,320.000000,128.000000,448.000000,320.000000,128.000000,1018,254.577667,1018,254.577667,0,0,174.519680,174.519680
copy-heavy,4,1536,1024,262144,1,1.946934,1627.370750,92.373291,219.531167,7,5,448.000000,320.000000,128.000000,448.000000,320.000000,128.000000,1018,254.577667,1018,254.577667,0,0,156.434953,156.434953
copy-heavy,5,1536,1024,262144,1,1.806890,1516.775250,76.286458,205.612042,7,5,448.000000,320.000000,128.000000,448.000000,320.000000,128.000000,1018,254.577667,1018,254.577667,0,0,167.841391,167.841391
copy-heavy,6,1536,1024,262144,1,1.962695,1498.066000,91.764083,227.600000,7,5,448.000000,320.000000,128.000000,448.000000,320.000000,128.000000,1018,254.577667,1018,254.577667,0,0,169.937551,169.937551
copy-heavy,7,1536,1024,262144,1,1.704768,1677.078416,93.117208,230.947208,7,5,448.000000,320.000000,128.000000,448.000000,320.000000,128.000000,1018,254.577667,1018,254.577667,0,0,151.798309,151.798309
