# benchmark=glyphastore_durable_compaction
# git_sha=31bd35f-dirty
# storage_mode=durable-periodic;seed_flush_before_measurement=true
# compaction_scope=public Store::compact;one Worker;maintenance disabled
# warmups=1;measured_repeats=7
scenario,repeat,operations,live_keys,value_bytes,compacted,seed_s,compact_ms,reopen_ms,verify_ms,segments_before,segments_after,logical_mib_before,logical_mib_after,logical_mib_reclaimed,allocated_mib_before,allocated_mib_after,allocated_mib_reclaimed,source_records_verified,source_mib_verified,records_copied,copied_mib,records_dropped,expired_records_dropped,effective_scan_mib_s,copy_mib_s
high-reclaim,1,1024,128,262144,1,1.287095,283.380833,18.211667,27.734625,5,2,320.000000,128.000000,192.000000,320.000000,128.000000,192.000000,124,31.009460,124,31.009460,0,0,109.426810,109.426810
high-reclaim,2,1024,128,262144,1,1.293336,282.345042,12.793417,28.738000,5,2,320.000000,128.000000,192.000000,320.000000,128.000000,192.000000,124,31.009460,124,31.009460,0,0,109.828245,109.828245
high-reclaim,3,1024,128,262144,1,1.601043,308.514666,12.205750,28.404500,5,2,320.000000,128.000000,192.000000,320.000000,128.000000,192.000000,124,31.009460,124,31.009460,0,0,100.512111,100.512111
high-reclaim,4,1024,128,262144,1,1.204613,711.340709,12.510667,31.222083,5,2,320.000000,128.000000,192.000000,320.000000,128.000000,192.000000,124,31.009460,124,31.009460,0,0,43.592979,43.592979
high-reclaim,5,1024,128,262144,1,2.533244,271.225208,12.546084,29.270625,5,2,320.000000,128.000000,192.000000,320.000000,128.000000,192.000000,124,31.009460,124,31.009460,0,0,114.331041,114.331041
high-reclaim,6,1024,128,262144,1,1.222993,274.823625,11.957542,28.003375,5,2,320.000000,128.000000,192.000000,320.000000,128.000000,192.000000,124,31.009460,124,31.009460,0,0,112.834042,112.834042
high-reclaim,7,1024,128,262144,1,1.258472,279.157000,12.190084,27.898458,5,2,320.000000,128.000000,192.000000,320.000000,128.000000,192.000000,124,31.009460,124,31.009460,0,0,111.082511,111.082511
