# benchmark=glyphastore_durable_compaction
# git_sha=31bd35f-dirty
# storage_mode=durable-periodic;seed_flush_before_measurement=true
# compaction_scope=public Store::compact;one Worker;maintenance disabled
# warmups=1;measured_repeats=7
scenario,repeat,operations,live_keys,value_bytes,compacted,seed_s,compact_ms,reopen_ms,verify_ms,segments_before,segments_after,logical_mib_before,logical_mib_after,logical_mib_reclaimed,allocated_mib_before,allocated_mib_after,allocated_mib_reclaimed,source_records_verified,source_mib_verified,records_copied,copied_mib,records_dropped,expired_records_dropped,effective_scan_mib_s,copy_mib_s
low-reclaim,1,1024,768,262144,1,1.181970,1063.232625,70.052125,170.464500,5,4,320.000000,256.000000,64.000000,320.000000,256.000000,64.000000,764,191.058289,764,191.058289,0,0,179.695660,179.695660
low-reclaim,2,1024,768,262144,1,2.441148,1133.067667,58.524958,140.733209,5,4,320.000000,256.000000,64.000000,320.000000,256.000000,64.000000,764,191.058289,764,191.058289,0,0,168.620369,168.620369
low-reclaim,3,1024,768,262144,1,1.147841,1150.817417,66.209708,151.537625,5,4,320.000000,256.000000,64.000000,320.000000,256.000000,64.000000,764,191.058289,764,191.058289,0,0,166.019636,166.019636
low-reclaim,4,1024,768,262144,1,1.165722,1142.956375,68.932250,169.582417,5,4,320.000000,256.000000,64.000000,320.000000,256.000000,64.000000,764,191.058289,764,191.058289,0,0,167.161488,167.161488
low-reclaim,5,1024,768,262144,1,1.296670,2225.079750,69.444709,167.693000,5,4,320.000000,256.000000,64.000000,320.000000,256.000000,64.000000,764,191.058289,764,191.058289,0,0,85.865816,85.865816
low-reclaim,6,1024,768,262144,1,1.136874,1133.788958,79.740209,167.442458,5,4,320.000000,256.000000,64.000000,320.000000,256.000000,64.000000,764,191.058289,764,191.058289,0,0,168.513097,168.513097
low-reclaim,7,1024,768,262144,1,1.159685,1195.993792,82.582542,175.054875,5,4,320.000000,256.000000,64.000000,320.000000,256.000000,64.000000,764,191.058289,764,191.058289,0,0,159.748562,159.748562
