# benchmark=glyphastore_durable_compaction
# git_sha=31bd35f-dirty
# storage_mode=durable-periodic;seed_flush_before_measurement=true
# compaction_scope=public Store::compact;one Worker;maintenance disabled
# warmups=1;measured_repeats=7
scenario,repeat,operations,live_keys,value_bytes,compacted,seed_s,compact_ms,reopen_ms,verify_ms,segments_before,segments_after,logical_mib_before,logical_mib_after,logical_mib_reclaimed,allocated_mib_before,allocated_mib_after,allocated_mib_reclaimed,source_records_verified,source_mib_verified,records_copied,copied_mib,records_dropped,expired_records_dropped,effective_scan_mib_s,copy_mib_s
medium-reclaim,1,1024,512,262144,1,1.309058,809.871041,58.340750,113.781459,5,3,320.000000,192.000000,128.000000,320.000000,192.000000,128.000000,508,127.038757,508,127.038757,0,0,156.862946,156.862946
medium-reclaim,2,1024,512,262144,1,1.222208,825.225791,46.921958,115.980958,5,3,320.000000,192.000000,128.000000,320.000000,192.000000,128.000000,508,127.038757,508,127.038757,0,0,153.944240,153.944240
medium-reclaim,3,1024,512,262144,1,1.247468,847.131833,47.001125,116.680541,5,3,320.000000,192.000000,128.000000,320.000000,192.000000,128.000000,508,127.038757,508,127.038757,0,0,149.963385,149.963385
medium-reclaim,4,1024,512,262144,1,2.196855,841.960459,46.352125,113.977084,5,3,320.000000,192.000000,128.000000,320.000000,192.000000,128.000000,508,127.038757,508,127.038757,0,0,150.884470,150.884470
medium-reclaim,5,1024,512,262144,1,1.200426,819.873625,45.939167,112.940083,5,3,320.000000,192.000000,128.000000,320.000000,192.000000,128.000000,508,127.038757,508,127.038757,0,0,154.949194,154.949194
medium-reclaim,6,1024,512,262144,1,2.053136,890.982500,46.672167,115.043416,5,3,320.000000,192.000000,128.000000,320.000000,192.000000,128.000000,508,127.038757,508,127.038757,0,0,142.582775,142.582775
medium-reclaim,7,1024,512,262144,1,2.221014,779.188083,46.849625,117.928708,5,3,320.000000,192.000000,128.000000,320.000000,192.000000,128.000000,508,127.038757,508,127.038757,0,0,163.039913,163.039913
