# benchmark=glyphastore_durable_compaction
# git_sha=31bd35f-dirty
# storage_mode=durable-periodic;seed_flush_before_measurement=true
# compaction_scope=public Store::compact;one Worker;maintenance disabled
# warmups=1;measured_repeats=7
scenario,repeat,operations,live_keys,value_bytes,compacted,seed_s,compact_ms,reopen_ms,verify_ms,segments_before,segments_after,logical_mib_before,logical_mib_after,logical_mib_reclaimed,allocated_mib_before,allocated_mib_after,allocated_mib_reclaimed,source_records_verified,source_mib_verified,records_copied,copied_mib,records_dropped,expired_records_dropped,effective_scan_mib_s,copy_mib_s
no-gain,1,1024,1024,262144,0,2.081608,136.600625,91.968250,229.071416,5,5,320.000000,320.000000,0.000000,320.000000,320.000000,0.000000,1020,255.077820,0,0.000000,1020,0,1867.325423,0.000000
no-gain,2,1024,1024,262144,0,1.221478,111.259666,80.056833,172.213416,5,5,320.000000,320.000000,0.000000,320.000000,320.000000,0.000000,1020,255.077820,0,0.000000,1020,0,2292.635139,0.000000
no-gain,3,1024,1024,262144,0,1.182681,103.683000,68.687958,167.498625,5,5,320.000000,320.000000,0.000000,320.000000,320.000000,0.000000,1020,255.077820,0,0.000000,1020,0,2460.170132,0.000000
no-gain,4,1024,1024,262144,0,1.405674,137.736708,95.061833,234.550042,5,5,320.000000,320.000000,0.000000,320.000000,320.000000,0.000000,1020,255.077820,0,0.000000,1020,0,1851.923307,0.000000
no-gain,5,1024,1024,262144,0,1.904454,132.673542,90.940625,220.342334,5,5,320.000000,320.000000,0.000000,320.000000,320.000000,0.000000,1020,255.077820,0,0.000000,1020,0,1922.597497,0.000000
no-gain,6,1024,1024,262144,0,1.182670,132.713250,90.796375,218.178667,5,5,320.000000,320.000000,0.000000,320.000000,320.000000,0.000000,1020,255.077820,0,0.000000,1020,0,1922.022253,0.000000
no-gain,7,1024,1024,262144,0,1.165422,133.805917,91.449209,223.246416,5,5,320.000000,320.000000,0.000000,320.000000,320.000000,0.000000,1020,255.077820,0,0.000000,1020,0,1906.326906,0.000000
