# benchmark=glyphastore_durable_compaction
# git_sha=31bd35f-dirty
# storage_mode=durable-periodic;seed_flush_before_measurement=true
# compaction_scope=public Store::compact;one Worker;maintenance disabled
# warmups=1;measured_repeats=7
scenario,repeat,operations,live_keys,value_bytes,compacted,seed_s,compact_ms,reopen_ms,verify_ms,segments_before,segments_after,logical_mib_before,logical_mib_after,logical_mib_reclaimed,allocated_mib_before,allocated_mib_after,allocated_mib_reclaimed,source_records_verified,source_mib_verified,records_copied,copied_mib,records_dropped,expired_records_dropped,effective_scan_mib_s,copy_mib_s
ttl-50,1,1024,1024,262144,1,1.187538,790.421750,44.480958,88.567416,5,3,320.000000,192.000000,128.000000,320.000000,192.000000,128.000000,1020,255.077820,510,127.538910,510,510,322.711033,161.355517
ttl-50,2,1024,1024,262144,1,1.213321,839.059209,46.752833,117.066459,5,3,320.000000,192.000000,128.000000,320.000000,192.000000,128.000000,1020,255.077820,510,127.538910,510,510,304.004553,152.002277
ttl-50,3,1024,1024,262144,1,1.622566,843.550000,47.018291,116.486125,5,3,320.000000,192.000000,128.000000,320.000000,192.000000,128.000000,1020,255.077820,510,127.538910,510,510,302.386130,151.193065
ttl-50,4,1024,1024,262144,1,2.354282,837.338583,46.883500,115.560000,5,3,320.000000,192.000000,128.000000,320.000000,192.000000,128.000000,1020,255.077820,510,127.538910,510,510,304.629244,152.314622
ttl-50,5,1024,1024,262144,1,1.222030,915.771125,47.137125,116.587917,5,3,320.000000,192.000000,128.000000,320.000000,192.000000,128.000000,1020,255.077820,510,127.538910,510,510,278.538832,139.269416
ttl-50,6,1024,1024,262144,1,2.150766,855.968625,59.696750,113.226541,5,3,320.000000,192.000000,128.000000,320.000000,192.000000,128.000000,1020,255.077820,510,127.538910,510,510,297.999030,148.999515
ttl-50,7,1024,1024,262144,1,1.163726,771.901458,34.469542,80.568250,5,3,320.000000,192.000000,128.000000,320.000000,192.000000,128.000000,1020,255.077820,510,127.538910,510,510,330.453865,165.226932
