# benchmark=glyphastore_durable_compaction
# git_sha=b971a15
# storage_mode=durable-periodic;seed_flush_before_measurement=true
# compaction_scope=public Store::compact;one Worker;maintenance disabled
# warmups=1;measured_repeats=7
scenario,repeat,operations,live_keys,value_bytes,compacted,seed_s,compact_ms,reopen_ms,verify_ms,segments_before,segments_after,logical_mib_before,logical_mib_after,logical_mib_reclaimed,allocated_mib_before,allocated_mib_after,allocated_mib_reclaimed,source_records_verified,source_mib_verified,records_copied,copied_mib,records_dropped,expired_records_dropped,pre_intent_ms,publication_lease_ms,pacing_delay_ms,pacing_sleep_count,pacing_burst_bytes,transient_metadata_lower_bound_mib,effective_scan_mib_s,copy_mib_s
copy-heavy,1,1536,1024,262144,1,1.735629,723.146167,103.920167,234.653500,7,5,448.000000,320.000000,128.000000,448.000000,320.000000,128.000000,1018,254.577667,1018,254.577667,0,0,687.213334,35.894167,0.000000,0,0,0.493851,352.041785,352.041785
copy-heavy,2,1536,1024,262144,1,1.686690,708.923166,94.547917,227.737459,7,5,448.000000,320.000000,128.000000,448.000000,320.000000,128.000000,1018,254.577667,1018,254.577667,0,0,673.389625,35.497708,0.000000,0,0,0.493851,359.104737,359.104737
copy-heavy,3,1536,1024,262144,1,3.084045,709.696750,92.682458,229.037083,7,5,448.000000,320.000000,128.000000,448.000000,320.000000,128.000000,1018,254.577667,1018,254.577667,0,0,673.968125,35.688000,0.000000,0,0,0.493851,358.713306,358.713306
copy-heavy,4,1536,1024,262144,1,1.682918,749.759291,93.618167,234.021042,7,5,448.000000,320.000000,128.000000,448.000000,320.000000,128.000000,1018,254.577667,1018,254.577667,0,0,714.491167,35.227875,0.000000,0,0,0.493851,339.545865,339.545865
copy-heavy,5,1536,1024,262144,1,1.777672,808.977667,93.959791,243.551167,7,5,448.000000,320.000000,128.000000,448.000000,320.000000,128.000000,1018,254.577667,1018,254.577667,0,0,756.091625,52.834750,0.000000,0,0,0.493851,314.690600,314.690600
copy-heavy,6,1536,1024,262144,1,1.807813,712.067250,94.511167,219.078834,7,5,448.000000,320.000000,128.000000,448.000000,320.000000,128.000000,1018,254.577667,1018,254.577667,0,0,678.735208,33.293125,0.000000,0,0,0.493851,357.519135,357.519135
copy-heavy,7,1536,1024,262144,1,1.781462,686.991583,92.649166,233.985458,7,5,448.000000,320.000000,128.000000,448.000000,320.000000,128.000000,1018,254.577667,1018,254.577667,0,0,656.299000,30.653959,0.000000,0,0,0.493851,370.568830,370.568830
