# benchmark=glyphastore_durable_compaction
# git_sha=b971a15
# storage_mode=durable-periodic;seed_flush_before_measurement=true
# compaction_scope=public Store::compact;one Worker;maintenance disabled
# warmups=1;measured_repeats=7
scenario,repeat,operations,live_keys,value_bytes,compacted,seed_s,compact_ms,reopen_ms,verify_ms,segments_before,segments_after,logical_mib_before,logical_mib_after,logical_mib_reclaimed,allocated_mib_before,allocated_mib_after,allocated_mib_reclaimed,source_records_verified,source_mib_verified,records_copied,copied_mib,records_dropped,expired_records_dropped,pre_intent_ms,publication_lease_ms,pacing_delay_ms,pacing_sleep_count,pacing_burst_bytes,transient_metadata_lower_bound_mib,effective_scan_mib_s,copy_mib_s
high-reclaim,1,1024,128,262144,1,1.146623,160.190500,15.556917,28.321416,5,2,320.000000,128.000000,192.000000,320.000000,128.000000,192.000000,124,31.009460,124,31.009460,0,0,125.752959,34.419542,0.000000,0,0,0.280350,193.578648,193.578648
high-reclaim,2,1024,128,262144,1,1.181723,164.946542,12.519083,27.405667,5,2,320.000000,128.000000,192.000000,320.000000,128.000000,192.000000,124,31.009460,124,31.009460,0,0,131.138541,33.784875,0.000000,0,0,0.280350,187.997033,187.997033
high-reclaim,3,1024,128,262144,1,1.135758,162.933791,13.225875,30.865042,5,2,320.000000,128.000000,192.000000,320.000000,128.000000,192.000000,124,31.009460,124,31.009460,0,0,132.764750,30.151708,0.000000,0,0,0.280350,190.319395,190.319395
high-reclaim,4,1024,128,262144,1,1.136815,152.829167,9.937000,20.522250,5,2,320.000000,128.000000,192.000000,320.000000,128.000000,192.000000,124,31.009460,124,31.009460,0,0,124.039958,28.774416,0.000000,0,0,0.280350,202.902764,202.902764
high-reclaim,5,1024,128,262144,1,2.076707,169.967458,12.541084,27.600084,5,2,320.000000,128.000000,192.000000,320.000000,128.000000,192.000000,124,31.009460,124,31.009460,0,0,136.816834,33.126958,0.000000,0,0,0.280350,182.443515,182.443515
high-reclaim,6,1024,128,262144,1,1.203840,166.874250,12.396583,30.480833,5,2,320.000000,128.000000,192.000000,320.000000,128.000000,192.000000,124,31.009460,124,31.009460,0,0,131.333958,35.510500,0.000000,0,0,0.280350,185.825317,185.825317
high-reclaim,7,1024,128,262144,1,1.206313,174.075041,12.561542,27.616709,5,2,320.000000,128.000000,192.000000,320.000000,128.000000,192.000000,124,31.009460,124,31.009460,0,0,139.089167,34.960334,0.000000,0,0,0.280350,178.138464,178.138464
