# benchmark=glyphastore_durable_compaction
# git_sha=b971a15
# storage_mode=durable-periodic;seed_flush_before_measurement=true
# compaction_scope=public Store::compact;one Worker;maintenance disabled
# warmups=1;measured_repeats=7
scenario,repeat,operations,live_keys,value_bytes,compacted,seed_s,compact_ms,reopen_ms,verify_ms,segments_before,segments_after,logical_mib_before,logical_mib_after,logical_mib_reclaimed,allocated_mib_before,allocated_mib_after,allocated_mib_reclaimed,source_records_verified,source_mib_verified,records_copied,copied_mib,records_dropped,expired_records_dropped,pre_intent_ms,publication_lease_ms,pacing_delay_ms,pacing_sleep_count,pacing_burst_bytes,transient_metadata_lower_bound_mib,effective_scan_mib_s,copy_mib_s
low-reclaim,1,1024,768,262144,1,1.262815,600.587833,75.634334,174.354792,5,4,320.000000,256.000000,64.000000,320.000000,256.000000,64.000000,764,191.058289,764,191.058289,0,0,565.595000,34.961542,0.000000,0,0,0.401199,318.118813,318.118813
low-reclaim,2,1024,768,262144,1,1.214046,561.861458,75.901083,174.128167,5,4,320.000000,256.000000,64.000000,320.000000,256.000000,64.000000,764,191.058289,764,191.058289,0,0,524.914667,36.905500,0.000000,0,0,0.401199,340.045194,340.045194
low-reclaim,3,1024,768,262144,1,1.482071,587.053125,69.788583,171.933041,5,4,320.000000,256.000000,64.000000,320.000000,256.000000,64.000000,764,191.058289,764,191.058289,0,0,543.573750,43.447542,0.000000,0,0,0.401199,325.453150,325.453150
low-reclaim,4,1024,768,262144,1,2.045551,519.983750,59.169458,148.982208,5,4,320.000000,256.000000,64.000000,320.000000,256.000000,64.000000,764,191.058289,764,191.058289,0,0,485.540709,34.396666,0.000000,0,0,0.401199,367.431268,367.431268
low-reclaim,5,1024,768,262144,1,1.292553,507.936667,56.890750,131.726375,5,4,320.000000,256.000000,64.000000,320.000000,256.000000,64.000000,764,191.058289,764,191.058289,0,0,478.734833,29.164250,0.000000,0,0,0.401199,376.145888,376.145888
low-reclaim,6,1024,768,262144,1,1.791457,756.254917,69.661250,169.809500,5,4,320.000000,256.000000,64.000000,320.000000,256.000000,64.000000,764,191.058289,764,191.058289,0,0,721.809250,34.415250,0.000000,0,0,0.401199,252.637417,252.637417
low-reclaim,7,1024,768,262144,1,1.124624,533.028416,70.069917,173.120375,5,4,320.000000,256.000000,64.000000,320.000000,256.000000,64.000000,764,191.058289,764,191.058289,0,0,499.785625,33.210917,0.000000,0,0,0.401199,358.439218,358.439218
