# benchmark=glyphastore_durable_compaction
# git_sha=b971a15
# storage_mode=durable-periodic;seed_flush_before_measurement=true
# compaction_scope=public Store::compact;one Worker;maintenance disabled
# warmups=1;measured_repeats=7
scenario,repeat,operations,live_keys,value_bytes,compacted,seed_s,compact_ms,reopen_ms,verify_ms,segments_before,segments_after,logical_mib_before,logical_mib_after,logical_mib_reclaimed,allocated_mib_before,allocated_mib_after,allocated_mib_reclaimed,source_records_verified,source_mib_verified,records_copied,copied_mib,records_dropped,expired_records_dropped,pre_intent_ms,publication_lease_ms,pacing_delay_ms,pacing_sleep_count,pacing_burst_bytes,transient_metadata_lower_bound_mib,effective_scan_mib_s,copy_mib_s
medium-reclaim,1,1024,512,262144,1,1.234496,419.758125,51.497042,100.043250,5,3,320.000000,192.000000,128.000000,320.000000,192.000000,128.000000,508,127.038757,508,127.038757,0,0,380.816250,38.905083,0.000000,0,0,0.371902,302.647524,302.647524
medium-reclaim,2,1024,512,262144,1,2.144528,390.160792,48.979667,114.314250,5,3,320.000000,192.000000,128.000000,320.000000,192.000000,128.000000,508,127.038757,508,127.038757,0,0,356.754125,33.362625,0.000000,0,0,0.371902,325.606160,325.606160
medium-reclaim,3,1024,512,262144,1,1.223759,375.239500,48.118292,118.195000,5,3,320.000000,192.000000,128.000000,320.000000,192.000000,128.000000,508,127.038757,508,127.038757,0,0,338.448375,36.767500,0.000000,0,0,0.371902,338.553797,338.553797
medium-reclaim,4,1024,512,262144,1,1.589410,405.226208,47.682375,118.720292,5,3,320.000000,192.000000,128.000000,320.000000,192.000000,128.000000,508,127.038757,508,127.038757,0,0,366.987042,38.195500,0.000000,0,0,0.371902,313.500842,313.500842
medium-reclaim,5,1024,512,262144,1,2.231365,388.235583,47.596458,115.843958,5,3,320.000000,192.000000,128.000000,320.000000,192.000000,128.000000,508,127.038757,508,127.038757,0,0,352.748583,35.460125,0.000000,0,0,0.371902,327.220798,327.220798
medium-reclaim,6,1024,512,262144,1,1.196759,391.559792,47.322042,117.639209,5,3,320.000000,192.000000,128.000000,320.000000,192.000000,128.000000,508,127.038757,508,127.038757,0,0,353.690541,37.843250,0.000000,0,0,0.371902,324.442805,324.442805
medium-reclaim,7,1024,512,262144,1,1.212384,391.643042,47.515834,116.945834,5,3,320.000000,192.000000,128.000000,320.000000,192.000000,128.000000,508,127.038757,508,127.038757,0,0,353.891583,37.727000,0.000000,0,0,0.371902,324.373840,324.373840
