# benchmark=glyphastore_durable_compaction
# git_sha=b971a15
# storage_mode=durable-periodic;seed_flush_before_measurement=true
# compaction_scope=public Store::compact;one Worker;maintenance disabled
# warmups=1;measured_repeats=7
scenario,repeat,operations,live_keys,value_bytes,compacted,seed_s,compact_ms,reopen_ms,verify_ms,segments_before,segments_after,logical_mib_before,logical_mib_after,logical_mib_reclaimed,allocated_mib_before,allocated_mib_after,allocated_mib_reclaimed,source_records_verified,source_mib_verified,records_copied,copied_mib,records_dropped,expired_records_dropped,pre_intent_ms,publication_lease_ms,pacing_delay_ms,pacing_sleep_count,pacing_burst_bytes,transient_metadata_lower_bound_mib,effective_scan_mib_s,copy_mib_s
no-gain,1,1024,1024,262144,0,1.204649,144.717708,100.583167,233.396375,5,5,320.000000,320.000000,0.000000,320.000000,320.000000,0.000000,1020,255.077820,0,0.000000,1020,0,144.670875,0.000000,0.000000,0,0,0.000000,1762.588859,0.000000
no-gain,2,1024,1024,262144,0,1.123600,105.802334,70.642333,176.841958,5,5,320.000000,320.000000,0.000000,320.000000,320.000000,0.000000,1020,255.077820,0,0.000000,1020,0,105.754375,0.000000,0.000000,0,0,0.000000,2410.890291,0.000000
no-gain,3,1024,1024,262144,0,1.202580,137.713375,93.791417,235.978458,5,5,320.000000,320.000000,0.000000,320.000000,320.000000,0.000000,1020,255.077820,0,0.000000,1020,0,137.672458,0.000000,0.000000,0,0,0.000000,1852.237082,0.000000
no-gain,4,1024,1024,262144,0,1.258091,139.576333,93.596833,215.395250,5,5,320.000000,320.000000,0.000000,320.000000,320.000000,0.000000,1020,255.077820,0,0.000000,1020,0,139.526750,0.000000,0.000000,0,0,0.000000,1827.514840,0.000000
no-gain,5,1024,1024,262144,0,1.178358,138.098875,93.774625,229.160500,5,5,320.000000,320.000000,0.000000,320.000000,320.000000,0.000000,1020,255.077820,0,0.000000,1020,0,138.055083,0.000000,0.000000,0,0,0.000000,1847.066602,0.000000
no-gain,6,1024,1024,262144,0,1.254001,138.810292,93.822375,235.757500,5,5,320.000000,320.000000,0.000000,320.000000,320.000000,0.000000,1020,255.077820,0,0.000000,1020,0,138.762417,0.000000,0.000000,0,0,0.000000,1837.600196,0.000000
no-gain,7,1024,1024,262144,0,1.971786,134.718125,87.775916,191.488042,5,5,320.000000,320.000000,0.000000,320.000000,320.000000,0.000000,1020,255.077820,0,0.000000,1020,0,134.676417,0.000000,0.000000,0,0,0.000000,1893.418720,0.000000
