# benchmark=glyphastore_durable_compaction
# git_sha=b971a15
# storage_mode=durable-periodic;seed_flush_before_measurement=true
# compaction_scope=public Store::compact;one Worker;maintenance disabled
# warmups=1;measured_repeats=7
scenario,repeat,operations,live_keys,value_bytes,compacted,seed_s,compact_ms,reopen_ms,verify_ms,segments_before,segments_after,logical_mib_before,logical_mib_after,logical_mib_reclaimed,allocated_mib_before,allocated_mib_after,allocated_mib_reclaimed,source_records_verified,source_mib_verified,records_copied,copied_mib,records_dropped,expired_records_dropped,pre_intent_ms,publication_lease_ms,pacing_delay_ms,pacing_sleep_count,pacing_burst_bytes,transient_metadata_lower_bound_mib,effective_scan_mib_s,copy_mib_s
ttl-50,1,1024,1024,262144,1,1.974634,410.935000,52.703458,113.594541,5,3,320.000000,192.000000,128.000000,320.000000,192.000000,128.000000,1020,255.077820,510,127.538910,510,510,376.498167,34.403792,0.000000,0,0,0.493973,620.725467,310.362734
ttl-50,2,1024,1024,262144,1,1.173137,415.630333,46.474125,93.569041,5,3,320.000000,192.000000,128.000000,320.000000,192.000000,128.000000,1020,255.077820,510,127.538910,510,510,380.353750,35.242500,0.000000,0,0,0.493973,613.713196,306.856598
ttl-50,3,1024,1024,262144,1,1.132894,417.998125,46.775167,113.012416,5,3,320.000000,192.000000,128.000000,320.000000,192.000000,128.000000,1020,255.077820,510,127.538910,510,510,382.844875,35.119209,0.000000,0,0,0.493973,610.236756,305.118378
ttl-50,4,1024,1024,262144,1,1.126567,390.014125,41.065750,109.051417,5,3,320.000000,192.000000,128.000000,320.000000,192.000000,128.000000,1020,255.077820,510,127.538910,510,510,356.746083,33.229000,0.000000,0,0,0.493973,654.022005,327.011002
ttl-50,5,1024,1024,262144,1,1.147536,411.033084,46.790625,120.447625,5,3,320.000000,192.000000,128.000000,320.000000,192.000000,128.000000,1020,255.077820,510,127.538910,510,510,375.614209,35.386000,0.000000,0,0,0.493973,620.577345,310.288672
ttl-50,6,1024,1024,262144,1,1.165627,465.005417,46.631375,112.837292,5,3,320.000000,192.000000,128.000000,320.000000,192.000000,128.000000,1020,255.077820,510,127.538910,510,510,425.752041,39.210333,0.000000,0,0,0.493973,548.548061,274.274030
ttl-50,7,1024,1024,262144,1,2.296841,408.102041,46.242459,110.822000,5,3,320.000000,192.000000,128.000000,320.000000,192.000000,128.000000,1020,255.077820,510,127.538910,510,510,372.612541,35.456000,0.000000,0,0,0.493973,625.034413,312.517207
