# benchmark=glyphastore_durable_compaction
# git_sha=1ff35c3
# storage_mode=durable-periodic;seed_flush_before_measurement=true
# compaction_scope=public Store::compact;one Worker;maintenance disabled
# warmups=1;measured_repeats=7
scenario,repeat,operations,live_keys,value_bytes,compacted,seed_s,compact_ms,reopen_ms,verify_ms,segments_before,segments_after,logical_mib_before,logical_mib_after,logical_mib_reclaimed,allocated_mib_before,allocated_mib_after,allocated_mib_reclaimed,source_records_verified,source_mib_verified,records_copied,copied_mib,records_dropped,expired_records_dropped,pre_intent_ms,publication_lease_ms,pacing_delay_ms,pacing_sleep_count,pacing_burst_bytes,transient_metadata_lower_bound_mib,effective_scan_mib_s,copy_mib_s
copy-heavy,1,1536,1024,262144,1,2.728497,764.948667,100.979084,247.179834,7,5,448.000000,320.000000,128.000000,448.000000,320.000000,128.000000,1018,254.577667,1018,254.577667,0,0,729.791709,35.124917,0.000000,0,0,0.493851,332.803596,332.803596
copy-heavy,2,1536,1024,262144,1,1.845694,880.923875,95.764334,244.242916,7,5,448.000000,320.000000,128.000000,448.000000,320.000000,128.000000,1018,254.577667,1018,254.577667,0,0,845.449541,35.436500,0.000000,0,0,0.493851,288.989406,288.989406
copy-heavy,3,1536,1024,262144,1,1.830838,875.472750,95.011125,240.977416,7,5,448.000000,320.000000,128.000000,448.000000,320.000000,128.000000,1018,254.577667,1018,254.577667,0,0,836.924417,38.460042,0.000000,0,0,0.493851,290.788796,290.788796
copy-heavy,4,1536,1024,262144,1,1.777689,841.713083,97.080584,245.133917,7,5,448.000000,320.000000,128.000000,448.000000,320.000000,128.000000,1018,254.577667,1018,254.577667,0,0,804.688542,36.985584,0.000000,0,0,0.493851,302.451836,302.451836
copy-heavy,5,1536,1024,262144,1,1.825636,831.631041,97.782041,247.625375,7,5,448.000000,320.000000,128.000000,448.000000,320.000000,128.000000,1018,254.577667,1018,254.577667,0,0,796.278583,35.248750,0.000000,0,0,0.493851,306.118525,306.118525
copy-heavy,6,1536,1024,262144,1,1.779699,873.697791,96.340208,247.576791,7,5,448.000000,320.000000,128.000000,448.000000,320.000000,128.000000,1018,254.577667,1018,254.577667,0,0,835.442875,38.182291,0.000000,0,0,0.493851,291.379548,291.379548
copy-heavy,7,1536,1024,262144,1,1.812071,980.188709,96.107875,244.351333,7,5,448.000000,320.000000,128.000000,448.000000,320.000000,128.000000,1018,254.577667,1018,254.577667,0,0,940.027541,40.106792,0.000000,0,0,0.493851,259.723117,259.723117
