# benchmark=glyphastore_durable_compaction
# git_sha=1ff35c3
# storage_mode=durable-periodic;seed_flush_before_measurement=true
# compaction_scope=public Store::compact;one Worker;maintenance disabled
# warmups=1;measured_repeats=7
scenario,repeat,operations,live_keys,value_bytes,compacted,seed_s,compact_ms,reopen_ms,verify_ms,segments_before,segments_after,logical_mib_before,logical_mib_after,logical_mib_reclaimed,allocated_mib_before,allocated_mib_after,allocated_mib_reclaimed,source_records_verified,source_mib_verified,records_copied,copied_mib,records_dropped,expired_records_dropped,pre_intent_ms,publication_lease_ms,pacing_delay_ms,pacing_sleep_count,pacing_burst_bytes,transient_metadata_lower_bound_mib,effective_scan_mib_s,copy_mib_s
high-reclaim,1,1024,128,262144,1,1.235364,186.980042,16.687750,30.232791,5,2,320.000000,128.000000,192.000000,320.000000,128.000000,192.000000,124,31.009460,124,31.009460,0,0,154.760209,32.195917,0.000000,0,0,0.280350,165.843692,165.843692
high-reclaim,2,1024,128,262144,1,1.216574,176.684542,11.956125,31.012250,5,2,320.000000,128.000000,192.000000,320.000000,128.000000,192.000000,124,31.009460,124,31.009460,0,0,142.773417,33.888042,0.000000,0,0,0.280350,175.507490,175.507490
high-reclaim,3,1024,128,262144,1,1.285903,202.223167,12.338125,30.922375,5,2,320.000000,128.000000,192.000000,320.000000,128.000000,192.000000,124,31.009460,124,31.009460,0,0,158.390709,43.803875,0.000000,0,0,0.280350,153.342769,153.342769
high-reclaim,4,1024,128,262144,1,1.881232,176.038375,12.783625,30.620333,5,2,320.000000,128.000000,192.000000,320.000000,128.000000,192.000000,124,31.009460,124,31.009460,0,0,141.436208,34.585167,0.000000,0,0,0.280350,176.151708,176.151708
high-reclaim,5,1024,128,262144,1,1.212131,209.383083,13.755750,31.028458,5,2,320.000000,128.000000,192.000000,320.000000,128.000000,192.000000,124,31.009460,124,31.009460,0,0,177.521792,31.837084,0.000000,0,0,0.280350,148.099168,148.099168
high-reclaim,6,1024,128,262144,1,2.393876,243.593833,12.791125,29.281625,5,2,320.000000,128.000000,192.000000,320.000000,128.000000,192.000000,124,31.009460,124,31.009460,0,0,210.015625,33.553709,0.000000,0,0,0.280350,127.299858,127.299858
high-reclaim,7,1024,128,262144,1,1.170521,186.041750,11.671958,30.435500,5,2,320.000000,128.000000,192.000000,320.000000,128.000000,192.000000,124,31.009460,124,31.009460,0,0,150.231083,35.787000,0.000000,0,0,0.280350,166.680116,166.680116
