# benchmark=glyphastore_durable_compaction
# git_sha=1ff35c3
# storage_mode=durable-periodic;seed_flush_before_measurement=true
# compaction_scope=public Store::compact;one Worker;maintenance disabled
# warmups=1;measured_repeats=7
scenario,repeat,operations,live_keys,value_bytes,compacted,seed_s,compact_ms,reopen_ms,verify_ms,segments_before,segments_after,logical_mib_before,logical_mib_after,logical_mib_reclaimed,allocated_mib_before,allocated_mib_after,allocated_mib_reclaimed,source_records_verified,source_mib_verified,records_copied,copied_mib,records_dropped,expired_records_dropped,pre_intent_ms,publication_lease_ms,pacing_delay_ms,pacing_sleep_count,pacing_burst_bytes,transient_metadata_lower_bound_mib,effective_scan_mib_s,copy_mib_s
low-reclaim,1,1024,768,262144,1,4.875290,635.969083,78.199875,176.723167,5,4,320.000000,256.000000,64.000000,320.000000,256.000000,64.000000,764,191.058289,764,191.058289,0,0,592.283000,43.653750,0.000000,0,0,0.401199,300.420718,300.420718
low-reclaim,2,1024,768,262144,1,0.776466,554.914458,78.114292,198.536541,5,4,320.000000,256.000000,64.000000,320.000000,256.000000,64.000000,764,191.058289,764,191.058289,0,0,522.442250,32.427375,0.000000,0,0,0.401199,344.302236,344.302236
low-reclaim,3,1024,768,262144,1,0.762055,557.048667,73.469166,190.059500,5,4,320.000000,256.000000,64.000000,320.000000,256.000000,64.000000,764,191.058289,764,191.058289,0,0,525.462459,31.541250,0.000000,0,0,0.401199,342.983118,342.983118
low-reclaim,4,1024,768,262144,1,0.693591,555.911792,68.546791,163.832333,5,4,320.000000,256.000000,64.000000,320.000000,256.000000,64.000000,764,191.058289,764,191.058289,0,0,528.220708,27.664250,0.000000,0,0,0.401199,343.684540,343.684540
low-reclaim,5,1024,768,262144,1,0.705819,529.969042,74.990791,192.761708,5,4,320.000000,256.000000,64.000000,320.000000,256.000000,64.000000,764,191.058289,764,191.058289,0,0,499.201125,30.686042,0.000000,0,0,0.401199,360.508395,360.508395
low-reclaim,6,1024,768,262144,1,0.690655,570.042250,73.558375,185.093000,5,4,320.000000,256.000000,64.000000,320.000000,256.000000,64.000000,764,191.058289,764,191.058289,0,0,538.591375,31.419250,0.000000,0,0,0.401199,335.165137,335.165137
low-reclaim,7,1024,768,262144,1,0.641660,568.015333,72.381125,184.248000,5,4,320.000000,256.000000,64.000000,320.000000,256.000000,64.000000,764,191.058289,764,191.058289,0,0,533.382584,34.596875,0.000000,0,0,0.401199,336.361146,336.361146
