# benchmark=glyphastore_durable_compaction
# git_sha=1ff35c3
# storage_mode=durable-periodic;seed_flush_before_measurement=true
# compaction_scope=public Store::compact;one Worker;maintenance disabled
# warmups=1;measured_repeats=7
scenario,repeat,operations,live_keys,value_bytes,compacted,seed_s,compact_ms,reopen_ms,verify_ms,segments_before,segments_after,logical_mib_before,logical_mib_after,logical_mib_reclaimed,allocated_mib_before,allocated_mib_after,allocated_mib_reclaimed,source_records_verified,source_mib_verified,records_copied,copied_mib,records_dropped,expired_records_dropped,pre_intent_ms,publication_lease_ms,pacing_delay_ms,pacing_sleep_count,pacing_burst_bytes,transient_metadata_lower_bound_mib,effective_scan_mib_s,copy_mib_s
medium-reclaim,1,1024,512,262144,1,2.522060,392.931125,51.510625,123.705250,5,3,320.000000,192.000000,128.000000,320.000000,192.000000,128.000000,508,127.038757,508,127.038757,0,0,358.632375,34.268917,0.000000,0,0,0.371902,323.310497,323.310497
medium-reclaim,2,1024,512,262144,1,1.443351,471.426250,48.841833,123.963166,5,3,320.000000,192.000000,128.000000,320.000000,192.000000,128.000000,508,127.038757,508,127.038757,0,0,430.477084,40.891875,0.000000,0,0,0.371902,269.477479,269.477479
medium-reclaim,3,1024,512,262144,1,1.943601,402.035833,48.477250,113.632125,5,3,320.000000,192.000000,128.000000,320.000000,192.000000,128.000000,508,127.038757,508,127.038757,0,0,367.220125,34.785458,0.000000,0,0,0.371902,315.988643,315.988643
medium-reclaim,4,1024,512,262144,1,1.184838,397.690958,48.489291,124.519958,5,3,320.000000,192.000000,128.000000,320.000000,192.000000,128.000000,508,127.038757,508,127.038757,0,0,360.492333,37.142917,0.000000,0,0,0.371902,319.440899,319.440899
medium-reclaim,5,1024,512,262144,1,1.443196,1201.539167,47.940375,121.798375,5,3,320.000000,192.000000,128.000000,320.000000,192.000000,128.000000,508,127.038757,508,127.038757,0,0,1154.134875,47.371833,0.000000,0,0,0.371902,105.730018,105.730018
medium-reclaim,6,1024,512,262144,1,1.171523,403.991417,51.196750,127.897084,5,3,320.000000,192.000000,128.000000,320.000000,192.000000,128.000000,508,127.038757,508,127.038757,0,0,368.187667,35.773166,0.000000,0,0,0.371902,314.459050,314.459050
medium-reclaim,7,1024,512,262144,1,1.151558,444.890042,48.216041,125.208375,5,3,320.000000,192.000000,128.000000,320.000000,192.000000,128.000000,508,127.038757,508,127.038757,0,0,410.404125,34.428000,0.000000,0,0,0.371902,285.550912,285.550912
