# benchmark=glyphastore_durable_compaction
# git_sha=1ff35c3
# storage_mode=durable-periodic;seed_flush_before_measurement=true
# compaction_scope=public Store::compact;one Worker;maintenance disabled
# warmups=1;measured_repeats=7
scenario,repeat,operations,live_keys,value_bytes,compacted,seed_s,compact_ms,reopen_ms,verify_ms,segments_before,segments_after,logical_mib_before,logical_mib_after,logical_mib_reclaimed,allocated_mib_before,allocated_mib_after,allocated_mib_reclaimed,source_records_verified,source_mib_verified,records_copied,copied_mib,records_dropped,expired_records_dropped,pre_intent_ms,publication_lease_ms,pacing_delay_ms,pacing_sleep_count,pacing_burst_bytes,transient_metadata_lower_bound_mib,effective_scan_mib_s,copy_mib_s
no-gain,1,1024,1024,262144,0,0.722631,147.444417,101.749583,248.656000,5,5,320.000000,320.000000,0.000000,320.000000,320.000000,0.000000,1020,255.077820,0,0.000000,1020,0,147.402291,0.000000,0.000000,0,0,0.000000,1729.993071,0.000000
no-gain,2,1024,1024,262144,0,0.672368,143.775167,98.488459,253.219459,5,5,320.000000,320.000000,0.000000,320.000000,320.000000,0.000000,1020,255.077820,0,0.000000,1020,0,143.733208,0.000000,0.000000,0,0,0.000000,1774.143791,0.000000
no-gain,3,1024,1024,262144,0,0.671475,142.323542,97.548875,256.060000,5,5,320.000000,320.000000,0.000000,320.000000,320.000000,0.000000,1020,255.077820,0,0.000000,1020,0,142.282000,0.000000,0.000000,0,0,0.000000,1792.239121,0.000000
no-gain,4,1024,1024,262144,0,0.692368,146.612542,98.677125,256.894292,5,5,320.000000,320.000000,0.000000,320.000000,320.000000,0.000000,1020,255.077820,0,0.000000,1020,0,146.565792,0.000000,0.000000,0,0,0.000000,1739.808998,0.000000
no-gain,5,1024,1024,262144,0,0.682314,142.092584,96.705542,247.604875,5,5,320.000000,320.000000,0.000000,320.000000,320.000000,0.000000,1020,255.077820,0,0.000000,1020,0,142.042084,0.000000,0.000000,0,0,0.000000,1795.152236,0.000000
no-gain,6,1024,1024,262144,0,0.707941,146.646292,97.793792,248.680084,5,5,320.000000,320.000000,0.000000,320.000000,320.000000,0.000000,1020,255.077820,0,0.000000,1020,0,146.599125,0.000000,0.000000,0,0,0.000000,1739.408589,0.000000
no-gain,7,1024,1024,262144,0,0.723691,140.197500,102.392500,255.920041,5,5,320.000000,320.000000,0.000000,320.000000,320.000000,0.000000,1020,255.077820,0,0.000000,1020,0,140.129792,0.000000,0.000000,0,0,0.000000,1819.417749,0.000000
