# benchmark=glyphastore_durable_compaction
# git_sha=1ff35c3
# storage_mode=durable-periodic;seed_flush_before_measurement=true
# compaction_scope=public Store::compact;one Worker;maintenance disabled
# warmups=1;measured_repeats=7
scenario,repeat,operations,live_keys,value_bytes,compacted,seed_s,compact_ms,reopen_ms,verify_ms,segments_before,segments_after,logical_mib_before,logical_mib_after,logical_mib_reclaimed,allocated_mib_before,allocated_mib_after,allocated_mib_reclaimed,source_records_verified,source_mib_verified,records_copied,copied_mib,records_dropped,expired_records_dropped,pre_intent_ms,publication_lease_ms,pacing_delay_ms,pacing_sleep_count,pacing_burst_bytes,transient_metadata_lower_bound_mib,effective_scan_mib_s,copy_mib_s
ttl-50,1,1024,1024,262144,1,1.287085,469.201958,53.351334,124.055125,5,3,320.000000,192.000000,128.000000,320.000000,192.000000,128.000000,1020,255.077820,510,127.538910,510,510,437.750167,31.401375,0.000000,0,0,0.493973,543.641849,271.820924
ttl-50,2,1024,1024,262144,1,0.616697,439.995208,49.359916,122.756959,5,3,320.000000,192.000000,128.000000,320.000000,192.000000,128.000000,1020,255.077820,510,127.538910,510,510,409.193875,30.764708,0.000000,0,0,0.493973,579.728632,289.864316
ttl-50,3,1024,1024,262144,1,0.729475,404.354125,49.443625,126.529000,5,3,320.000000,192.000000,128.000000,320.000000,192.000000,128.000000,1020,255.077820,510,127.538910,510,510,363.122500,41.198500,0.000000,0,0,0.493973,630.827792,315.413896
ttl-50,4,1024,1024,262144,1,0.679660,432.001959,47.614500,127.132958,5,3,320.000000,192.000000,128.000000,320.000000,192.000000,128.000000,1020,255.077820,510,127.538910,510,510,400.118792,31.845500,0.000000,0,0,0.493973,590.455239,295.227619
ttl-50,5,1024,1024,262144,1,0.667826,432.101000,47.942417,122.485000,5,3,320.000000,192.000000,128.000000,320.000000,192.000000,128.000000,1020,255.077820,510,127.538910,510,510,399.719916,32.345916,0.000000,0,0,0.493973,590.319902,295.159951
ttl-50,6,1024,1024,262144,1,0.661703,429.847667,48.773416,123.113833,5,3,320.000000,192.000000,128.000000,320.000000,192.000000,128.000000,1020,255.077820,510,127.538910,510,510,398.113584,31.700708,0.000000,0,0,0.493973,593.414457,296.707228
ttl-50,7,1024,1024,262144,1,0.706346,409.464250,49.442167,125.099625,5,3,320.000000,192.000000,128.000000,320.000000,192.000000,128.000000,1020,255.077820,510,127.538910,510,510,379.126958,30.264333,0.000000,0,0,0.493973,622.955044,311.477522
