# benchmark=glyphastore_durable_compaction
# git_sha=f999cac-dirty
# storage_mode=durable-periodic;seed_flush_before_measurement=true
# compaction_scope=public Store::compact;one Worker;maintenance disabled
# warmups=1;measured_repeats=7
scenario,repeat,operations,live_keys,value_bytes,compacted,seed_s,compact_ms,reopen_ms,verify_ms,segments_before,segments_after,logical_mib_before,logical_mib_after,logical_mib_reclaimed,allocated_mib_before,allocated_mib_after,allocated_mib_reclaimed,source_records_verified,source_mib_verified,records_copied,copied_mib,records_dropped,expired_records_dropped,effective_scan_mib_s,copy_mib_s
copy-heavy,1,1536,1024,262144,1,1.734915,1508.698875,103.716667,230.282125,7,5,448.000000,320.000000,128.000000,448.000000,320.000000,128.000000,1018,254.577667,1018,254.577667,0,0,168.739880,168.739880
copy-heavy,2,1536,1024,262144,1,1.763002,1467.625000,92.054292,222.853292,7,5,448.000000,320.000000,128.000000,448.000000,320.000000,128.000000,1018,254.577667,1018,254.577667,0,0,173.462340,173.462340
copy-heavy,3,1536,1024,262144,1,1.720931,1544.807625,91.935625,225.280417,7,5,448.000000,320.000000,128.000000,448.000000,320.000000,128.000000,1018,254.577667,1018,254.577667,0,0,164.795709,164.795709
copy-heavy,4,1536,1024,262144,1,1.722949,1502.741375,91.310084,224.666500,7,5,448.000000,320.000000,128.000000,448.000000,320.000000,128.000000,1018,254.577667,1018,254.577667,0,0,169.408836,169.408836
copy-heavy,5,1536,1024,262144,1,1.695973,1477.682834,91.993250,228.047334,7,5,448.000000,320.000000,128.000000,448.000000,320.000000,128.000000,1018,254.577667,1018,254.577667,0,0,172.281671,172.281671
copy-heavy,6,1536,1024,262144,1,1.702693,1508.962375,91.330875,223.289000,7,5,448.000000,320.000000,128.000000,448.000000,320.000000,128.000000,1018,254.577667,1018,254.577667,0,0,168.710414,168.710414
copy-heavy,7,1536,1024,262144,1,1.728648,1520.127291,92.055708,223.535292,7,5,448.000000,320.000000,128.000000,448.000000,320.000000,128.000000,1018,254.577667,1018,254.577667,0,0,167.471283,167.471283
