# benchmark=glyphastore_durable_compaction
# git_sha=f999cac-dirty
# storage_mode=durable-periodic;seed_flush_before_measurement=true
# compaction_scope=public Store::compact;one Worker;maintenance disabled
# warmups=1;measured_repeats=7
scenario,repeat,operations,live_keys,value_bytes,compacted,seed_s,compact_ms,reopen_ms,verify_ms,segments_before,segments_after,logical_mib_before,logical_mib_after,logical_mib_reclaimed,allocated_mib_before,allocated_mib_after,allocated_mib_reclaimed,source_records_verified,source_mib_verified,records_copied,copied_mib,records_dropped,expired_records_dropped,effective_scan_mib_s,copy_mib_s
high-reclaim,1,1024,128,262144,1,0.614614,156.884583,17.061958,27.757416,5,2,320.000000,128.000000,192.000000,320.000000,128.000000,192.000000,124,31.009460,124,31.009460,0,0,197.657793,197.657793
high-reclaim,2,1024,128,262144,1,0.625823,155.809250,12.140125,26.912750,5,2,320.000000,128.000000,192.000000,320.000000,128.000000,192.000000,124,31.009460,124,31.009460,0,0,199.021948,199.021948
high-reclaim,3,1024,128,262144,1,0.612706,174.167541,11.579458,26.651625,5,2,320.000000,128.000000,192.000000,320.000000,128.000000,192.000000,124,31.009460,124,31.009460,0,0,178.043855,178.043855
high-reclaim,4,1024,128,262144,1,0.605709,187.979333,11.844000,26.757500,5,2,320.000000,128.000000,192.000000,320.000000,128.000000,192.000000,124,31.009460,124,31.009460,0,0,164.962073,164.962073
high-reclaim,5,1024,128,262144,1,0.618776,191.961084,11.780333,27.068458,5,2,320.000000,128.000000,192.000000,320.000000,128.000000,192.000000,124,31.009460,124,31.009460,0,0,161.540349,161.540349
high-reclaim,6,1024,128,262144,1,0.611679,197.027125,12.078208,23.671250,5,2,320.000000,128.000000,192.000000,320.000000,128.000000,192.000000,124,31.009460,124,31.009460,0,0,157.386758,157.386758
high-reclaim,7,1024,128,262144,1,0.618712,201.030791,11.838125,26.345459,5,2,320.000000,128.000000,192.000000,320.000000,128.000000,192.000000,124,31.009460,124,31.009460,0,0,154.252293,154.252293
