# benchmark=glyphastore_durable_compaction
# git_sha=f999cac-dirty
# storage_mode=durable-periodic;seed_flush_before_measurement=true
# compaction_scope=public Store::compact;one Worker;maintenance disabled
# warmups=1;measured_repeats=7
scenario,repeat,operations,live_keys,value_bytes,compacted,seed_s,compact_ms,reopen_ms,verify_ms,segments_before,segments_after,logical_mib_before,logical_mib_after,logical_mib_reclaimed,allocated_mib_before,allocated_mib_after,allocated_mib_reclaimed,source_records_verified,source_mib_verified,records_copied,copied_mib,records_dropped,expired_records_dropped,effective_scan_mib_s,copy_mib_s
low-reclaim,1,1024,768,262144,1,1.229694,1187.139750,70.024917,175.220083,5,4,320.000000,256.000000,64.000000,320.000000,256.000000,64.000000,764,191.058289,764,191.058289,0,0,160.940014,160.940014
low-reclaim,2,1024,768,262144,1,1.217589,1175.863834,70.166041,175.174083,5,4,320.000000,256.000000,64.000000,320.000000,256.000000,64.000000,764,191.058289,764,191.058289,0,0,162.483345,162.483345
low-reclaim,3,1024,768,262144,1,1.223319,1169.416958,69.568292,168.381292,5,4,320.000000,256.000000,64.000000,320.000000,256.000000,64.000000,764,191.058289,764,191.058289,0,0,163.379099,163.379099
low-reclaim,4,1024,768,262144,1,1.225101,1177.575584,85.880792,181.448750,5,4,320.000000,256.000000,64.000000,320.000000,256.000000,64.000000,764,191.058289,764,191.058289,0,0,162.247155,162.247155
low-reclaim,5,1024,768,262144,1,1.190498,1185.025250,70.017417,171.155083,5,4,320.000000,256.000000,64.000000,320.000000,256.000000,64.000000,764,191.058289,764,191.058289,0,0,161.227188,161.227188
low-reclaim,6,1024,768,262144,1,1.170679,1160.157291,70.793583,165.890583,5,4,320.000000,256.000000,64.000000,320.000000,256.000000,64.000000,764,191.058289,764,191.058289,0,0,164.683091,164.683091
low-reclaim,7,1024,768,262144,1,1.130594,1132.148834,68.958458,166.493250,5,4,320.000000,256.000000,64.000000,320.000000,256.000000,64.000000,764,191.058289,764,191.058289,0,0,168.757219,168.757219
