# benchmark=glyphastore_durable_compaction
# git_sha=f999cac-dirty
# storage_mode=durable-periodic;seed_flush_before_measurement=true
# compaction_scope=public Store::compact;one Worker;maintenance disabled
# warmups=1;measured_repeats=7
scenario,repeat,operations,live_keys,value_bytes,compacted,seed_s,compact_ms,reopen_ms,verify_ms,segments_before,segments_after,logical_mib_before,logical_mib_after,logical_mib_reclaimed,allocated_mib_before,allocated_mib_after,allocated_mib_reclaimed,source_records_verified,source_mib_verified,records_copied,copied_mib,records_dropped,expired_records_dropped,effective_scan_mib_s,copy_mib_s
medium-reclaim,1,1024,512,262144,1,0.661701,480.058000,55.305042,111.184709,5,3,320.000000,192.000000,128.000000,320.000000,192.000000,128.000000,508,127.038757,508,127.038757,0,0,264.632101,264.632101
medium-reclaim,2,1024,512,262144,1,0.645621,607.119333,46.215750,113.076417,5,3,320.000000,192.000000,128.000000,320.000000,192.000000,128.000000,508,127.038757,508,127.038757,0,0,209.248414,209.248414
medium-reclaim,3,1024,512,262144,1,1.148674,748.176291,46.052917,112.467083,5,3,320.000000,192.000000,128.000000,320.000000,192.000000,128.000000,508,127.038757,508,127.038757,0,0,169.797892,169.797892
medium-reclaim,4,1024,512,262144,1,1.147580,779.065041,46.252458,111.719041,5,3,320.000000,192.000000,128.000000,320.000000,192.000000,128.000000,508,127.038757,508,127.038757,0,0,163.065663,163.065663
medium-reclaim,5,1024,512,262144,1,1.144758,775.906291,46.036583,112.215625,5,3,320.000000,192.000000,128.000000,320.000000,192.000000,128.000000,508,127.038757,508,127.038757,0,0,163.729511,163.729511
medium-reclaim,6,1024,512,262144,1,1.209477,782.431000,47.013208,116.516458,5,3,320.000000,192.000000,128.000000,320.000000,192.000000,128.000000,508,127.038757,508,127.038757,0,0,162.364167,162.364167
medium-reclaim,7,1024,512,262144,1,1.215235,811.984875,46.690333,116.812791,5,3,320.000000,192.000000,128.000000,320.000000,192.000000,128.000000,508,127.038757,508,127.038757,0,0,156.454586,156.454586
