# benchmark=glyphastore_durable_compaction
# git_sha=f999cac-dirty
# storage_mode=durable-periodic;seed_flush_before_measurement=true
# compaction_scope=public Store::compact;one Worker;maintenance disabled
# warmups=1;measured_repeats=7
scenario,repeat,operations,live_keys,value_bytes,compacted,seed_s,compact_ms,reopen_ms,verify_ms,segments_before,segments_after,logical_mib_before,logical_mib_after,logical_mib_reclaimed,allocated_mib_before,allocated_mib_after,allocated_mib_reclaimed,source_records_verified,source_mib_verified,records_copied,copied_mib,records_dropped,expired_records_dropped,effective_scan_mib_s,copy_mib_s
no-gain,1,1024,1024,262144,0,0.712100,138.108708,103.163208,209.820833,5,5,320.000000,320.000000,0.000000,320.000000,320.000000,0.000000,1020,255.077820,0,0.000000,1020,0,1846.935096,0.000000
no-gain,2,1024,1024,262144,0,0.734182,136.873459,94.243667,234.986750,5,5,320.000000,320.000000,0.000000,320.000000,320.000000,0.000000,1020,255.077820,0,0.000000,1020,0,1863.603227,0.000000
no-gain,3,1024,1024,262144,0,0.754566,123.495625,85.360500,223.898500,5,5,320.000000,320.000000,0.000000,320.000000,320.000000,0.000000,1020,255.077820,0,0.000000,1020,0,2065.480618,0.000000
no-gain,4,1024,1024,262144,0,0.721946,136.864209,93.758916,227.809333,5,5,320.000000,320.000000,0.000000,320.000000,320.000000,0.000000,1020,255.077820,0,0.000000,1020,0,1863.729179,0.000000
no-gain,5,1024,1024,262144,0,0.676738,139.293375,94.308791,225.391083,5,5,320.000000,320.000000,0.000000,320.000000,320.000000,0.000000,1020,255.077820,0,0.000000,1020,0,1831.227220,0.000000
no-gain,6,1024,1024,262144,0,0.652494,134.424417,92.078083,235.416208,5,5,320.000000,320.000000,0.000000,320.000000,320.000000,0.000000,1020,255.077820,0,0.000000,1020,0,1897.555708,0.000000
no-gain,7,1024,1024,262144,0,0.662633,133.447208,91.720625,223.972167,5,5,320.000000,320.000000,0.000000,320.000000,320.000000,0.000000,1020,255.077820,0,0.000000,1020,0,1911.451155,0.000000
