# benchmark=glyphastore_durable_compaction
# git_sha=f999cac-dirty
# storage_mode=durable-periodic;seed_flush_before_measurement=true
# compaction_scope=public Store::compact;one Worker;maintenance disabled
# warmups=1;measured_repeats=7
scenario,repeat,operations,live_keys,value_bytes,compacted,seed_s,compact_ms,reopen_ms,verify_ms,segments_before,segments_after,logical_mib_before,logical_mib_after,logical_mib_reclaimed,allocated_mib_before,allocated_mib_after,allocated_mib_reclaimed,source_records_verified,source_mib_verified,records_copied,copied_mib,records_dropped,expired_records_dropped,effective_scan_mib_s,copy_mib_s
ttl-50,1,1024,1024,262144,1,1.146686,839.970792,55.207958,112.633167,5,3,320.000000,192.000000,128.000000,320.000000,192.000000,128.000000,1020,255.077820,510,127.538910,510,510,303.674630,151.837315
ttl-50,2,1024,1024,262144,1,1.148728,808.950417,46.023958,110.490167,5,3,320.000000,192.000000,128.000000,320.000000,192.000000,128.000000,1020,255.077820,510,127.538910,510,510,315.319474,157.659737
ttl-50,3,1024,1024,262144,1,1.214190,805.993917,45.956333,109.629333,5,3,320.000000,192.000000,128.000000,320.000000,192.000000,128.000000,1020,255.077820,510,127.538910,510,510,316.476110,158.238055
ttl-50,4,1024,1024,262144,1,0.648687,565.990833,45.735583,109.377292,5,3,320.000000,192.000000,128.000000,320.000000,192.000000,128.000000,1020,255.077820,510,127.538910,510,510,450.674825,225.337413
ttl-50,5,1024,1024,262144,1,0.608722,567.983584,46.065041,109.882833,5,3,320.000000,192.000000,128.000000,320.000000,192.000000,128.000000,1020,255.077820,510,127.538910,510,510,449.093648,224.546824
ttl-50,6,1024,1024,262144,1,0.671875,522.069167,46.597167,111.649958,5,3,320.000000,192.000000,128.000000,320.000000,192.000000,128.000000,1020,255.077820,510,127.538910,510,510,488.590087,244.295044
ttl-50,7,1024,1024,262144,1,0.641704,520.995166,46.187416,111.384958,5,3,320.000000,192.000000,128.000000,320.000000,192.000000,128.000000,1020,255.077820,510,127.538910,510,510,489.597287,244.798644
