# benchmark=glyphastore_durable_compaction
# git_sha=5feccd3-dirty
# storage_mode=durable-periodic;seed_flush_before_measurement=true
# compaction_scope=public Store::compact;one Worker;maintenance disabled
# warmups=1;measured_repeats=7
scenario,repeat,operations,live_keys,value_bytes,compacted,seed_s,compact_ms,reopen_ms,verify_ms,segments_before,segments_after,logical_mib_before,logical_mib_after,logical_mib_reclaimed,allocated_mib_before,allocated_mib_after,allocated_mib_reclaimed,source_records_verified,source_mib_verified,records_copied,copied_mib,records_dropped,expired_records_dropped,effective_scan_mib_s,copy_mib_s
no-gain,1,1024,1024,262144,0,0.618449,137.867625,106.060667,237.220375,5,5,320.000000,320.000000,0.000000,320.000000,320.000000,0.000000,1020,255.077820,0,0.000000,1020,0,1850.164749,0.000000
no-gain,2,1024,1024,262144,0,0.655546,144.065292,94.783041,239.537833,5,5,320.000000,320.000000,0.000000,320.000000,320.000000,0.000000,1020,255.077820,0,0.000000,1020,0,1770.570942,0.000000
no-gain,3,1024,1024,262144,0,0.615254,140.012041,99.444583,235.493625,5,5,320.000000,320.000000,0.000000,320.000000,320.000000,0.000000,1020,255.077820,0,0.000000,1020,0,1821.827737,0.000000
no-gain,4,1024,1024,262144,0,0.617401,138.105875,95.981167,238.957625,5,5,320.000000,320.000000,0.000000,320.000000,320.000000,0.000000,1020,255.077820,0,0.000000,1020,0,1846.972982,0.000000
no-gain,5,1024,1024,262144,0,0.621603,138.173209,96.894833,240.037375,5,5,320.000000,320.000000,0.000000,320.000000,320.000000,0.000000,1020,255.077820,0,0.000000,1020,0,1846.072923,0.000000
no-gain,6,1024,1024,262144,0,0.637590,141.676875,96.747708,232.587958,5,5,320.000000,320.000000,0.000000,320.000000,320.000000,0.000000,1020,255.077820,0,0.000000,1020,0,1800.419580,0.000000
no-gain,7,1024,1024,262144,0,0.613794,142.768958,93.907292,221.608417,5,5,320.000000,320.000000,0.000000,320.000000,320.000000,0.000000,1020,255.077820,0,0.000000,1020,0,1786.647626,0.000000
