# benchmark=glyphastore_durable_compaction
# git_sha=b971a15
# storage_mode=durable-periodic;seed_flush_before_measurement=true
# compaction_scope=public Store::compact;one Worker;maintenance disabled
# warmups=1;measured_repeats=7
scenario,repeat,operations,live_keys,value_bytes,compacted,seed_s,compact_ms,reopen_ms,verify_ms,segments_before,segments_after,logical_mib_before,logical_mib_after,logical_mib_reclaimed,allocated_mib_before,allocated_mib_after,allocated_mib_reclaimed,source_records_verified,source_mib_verified,records_copied,copied_mib,records_dropped,expired_records_dropped,pre_intent_ms,publication_lease_ms,pacing_delay_ms,pacing_sleep_count,pacing_burst_bytes,transient_metadata_lower_bound_mib,effective_scan_mib_s,copy_mib_s
high-reclaim,1,1024,128,262144,1,0.607689,124.085875,16.424250,30.348750,5,2,320.000000,128.000000,192.000000,320.000000,128.000000,192.000000,124,31.009460,124,31.009460,0,0,93.097875,30.968500,0.000000,0,0,0.280350,249.903226,249.903226
high-reclaim,2,1024,128,262144,1,0.632691,119.979583,14.471167,26.898291,5,2,320.000000,128.000000,192.000000,320.000000,128.000000,192.000000,124,31.009460,124,31.009460,0,0,89.839667,30.119959,0.000000,0,0,0.280350,258.456145,258.456145
high-reclaim,3,1024,128,262144,1,0.625676,121.102834,11.653666,26.331209,5,2,320.000000,128.000000,192.000000,320.000000,128.000000,192.000000,124,31.009460,124,31.009460,0,0,91.857542,29.223167,0.000000,0,0,0.280350,256.058916,256.058916
high-reclaim,4,1024,128,262144,1,0.601527,107.202708,11.325291,23.611417,5,2,320.000000,128.000000,192.000000,320.000000,128.000000,192.000000,124,31.009460,124,31.009460,0,0,78.450833,28.737417,0.000000,0,0,0.280350,289.260048,289.260048
high-reclaim,5,1024,128,262144,1,0.649849,121.824375,11.722791,26.146917,5,2,320.000000,128.000000,192.000000,320.000000,128.000000,192.000000,124,31.009460,124,31.009460,0,0,93.655416,28.149166,0.000000,0,0,0.280350,254.542332,254.542332
high-reclaim,6,1024,128,262144,1,0.637438,129.024125,11.704000,26.223667,5,2,320.000000,128.000000,192.000000,320.000000,128.000000,192.000000,124,31.009460,124,31.009460,0,0,98.738875,30.264458,0.000000,0,0,0.280350,240.338467,240.338467
high-reclaim,7,1024,128,262144,1,0.623590,107.016542,12.000417,27.280041,5,2,320.000000,128.000000,192.000000,320.000000,128.000000,192.000000,124,31.009460,124,31.009460,0,0,77.247250,29.754209,0.000000,0,0,0.280350,289.763245,289.763245
