# benchmark=glyphastore_durable_compaction
# git_sha=9ba7397
# storage_mode=durable-periodic;seed_flush_before_measurement=true
# compaction_scope=public Store::compact;one Worker;maintenance disabled
# warmups=1;measured_repeats=7
scenario,repeat,operations,live_keys,value_bytes,compacted,seed_s,compact_ms,reopen_ms,verify_ms,segments_before,segments_after,logical_mib_before,logical_mib_after,logical_mib_reclaimed,allocated_mib_before,allocated_mib_after,allocated_mib_reclaimed,source_records_verified,source_mib_verified,records_copied,copied_mib,records_dropped,expired_records_dropped,pre_intent_ms,publication_lease_ms,pacing_delay_ms,pacing_sleep_count,pacing_burst_bytes,transient_metadata_lower_bound_mib,effective_scan_mib_s,copy_mib_s
high-reclaim,1,1024,128,262144,1,0.643797,143.903209,14.194917,28.127542,5,2,320.000000,128.000000,192.000000,320.000000,128.000000,192.000000,124,31.009460,124,31.009460,0,0,114.947541,28.936250,0.000000,0,0,0.280350,215.488318,215.488318
high-reclaim,2,1024,128,262144,1,0.660671,131.968459,11.690000,26.368792,5,2,320.000000,128.000000,192.000000,320.000000,128.000000,192.000000,124,31.009460,124,31.009460,0,0,104.682667,27.265875,0.000000,0,0,0.280350,234.976302,234.976302
high-reclaim,3,1024,128,262144,1,0.623698,118.982709,11.881917,26.652708,5,2,320.000000,128.000000,192.000000,320.000000,128.000000,192.000000,124,31.009460,124,31.009460,0,0,87.831500,31.131250,0.000000,0,0,0.280350,260.621570,260.621570
high-reclaim,4,1024,128,262144,1,0.611686,130.065000,11.804625,26.930250,5,2,320.000000,128.000000,192.000000,320.000000,128.000000,192.000000,124,31.009460,124,31.009460,0,0,100.747333,29.298167,0.000000,0,0,0.280350,238.415104,238.415104
high-reclaim,5,1024,128,262144,1,0.670652,107.841958,10.006458,22.294583,5,2,320.000000,128.000000,192.000000,320.000000,128.000000,192.000000,124,31.009460,124,31.009460,0,0,79.112708,28.714542,0.000000,0,0,0.280350,287.545414,287.545414
high-reclaim,6,1024,128,262144,1,0.633708,117.027708,11.862667,27.504625,5,2,320.000000,128.000000,192.000000,320.000000,128.000000,192.000000,124,31.009460,124,31.009460,0,0,88.151583,28.856208,0.000000,0,0,0.280350,264.975372,264.975372
high-reclaim,7,1024,128,262144,1,0.606688,119.994292,11.732084,26.673041,5,2,320.000000,128.000000,192.000000,320.000000,128.000000,192.000000,124,31.009460,124,31.009460,0,0,89.709541,30.256416,0.000000,0,0,0.280350,258.424463,258.424463
