# benchmark=glyphastore_durable_compaction
# git_sha=9ba7397
# storage_mode=durable-periodic;seed_flush_before_measurement=true
# compaction_scope=public Store::compact;one Worker;maintenance disabled
# warmups=1;measured_repeats=7
scenario,repeat,operations,live_keys,value_bytes,compacted,seed_s,compact_ms,reopen_ms,verify_ms,segments_before,segments_after,logical_mib_before,logical_mib_after,logical_mib_reclaimed,allocated_mib_before,allocated_mib_after,allocated_mib_reclaimed,source_records_verified,source_mib_verified,records_copied,copied_mib,records_dropped,expired_records_dropped,pre_intent_ms,publication_lease_ms,pacing_delay_ms,pacing_sleep_count,pacing_burst_bytes,transient_metadata_lower_bound_mib,effective_scan_mib_s,copy_mib_s
copy-heavy,1,1536,1024,262144,1,2.534310,882.212709,103.618333,245.110875,7,5,448.000000,320.000000,128.000000,448.000000,320.000000,128.000000,1018,254.577667,1018,254.577667,0,0,848.057291,34.082708,0.000000,0,0,0.493851,288.567218,288.567218
copy-heavy,2,1536,1024,262144,1,1.777996,735.604542,92.109542,225.478292,7,5,448.000000,320.000000,128.000000,448.000000,320.000000,128.000000,1018,254.577667,1018,254.577667,0,0,700.925042,34.637333,0.000000,0,0,0.493851,346.079521,346.079521
copy-heavy,3,1536,1024,262144,1,1.748357,1310.919708,90.823792,224.458625,7,5,448.000000,320.000000,128.000000,448.000000,320.000000,128.000000,1018,254.577667,1018,254.577667,0,0,1260.282959,50.595166,0.000000,0,0,0.493851,194.197757,194.197757
copy-heavy,4,1536,1024,262144,1,1.763621,734.084000,92.063291,225.654667,7,5,448.000000,320.000000,128.000000,448.000000,320.000000,128.000000,1018,254.577667,1018,254.577667,0,0,700.302833,33.746959,0.000000,0,0,0.493851,346.796371,346.796371
copy-heavy,5,1536,1024,262144,1,1.727192,729.382250,92.043125,225.358958,7,5,448.000000,320.000000,128.000000,448.000000,320.000000,128.000000,1018,254.577667,1018,254.577667,0,0,695.794917,33.551708,0.000000,0,0,0.493851,349.031893,349.031893
copy-heavy,6,1536,1024,262144,1,2.710493,821.014875,90.867167,221.928583,7,5,448.000000,320.000000,128.000000,448.000000,320.000000,128.000000,1018,254.577667,1018,254.577667,0,0,783.885042,37.093792,0.000000,0,0,0.493851,310.076802,310.076802
copy-heavy,7,1536,1024,262144,1,1.945724,725.989000,92.620000,202.691750,7,5,448.000000,320.000000,128.000000,448.000000,320.000000,128.000000,1018,254.577667,1018,254.577667,0,0,693.868291,32.081917,0.000000,0,0,0.493851,350.663257,350.663257
