# benchmark=glyphastore_durable_compaction
# git_sha=9ba7397
# storage_mode=durable-periodic;seed_flush_before_measurement=true
# compaction_scope=public Store::compact;one Worker;maintenance disabled
# warmups=1;measured_repeats=7
scenario,repeat,operations,live_keys,value_bytes,compacted,seed_s,compact_ms,reopen_ms,verify_ms,segments_before,segments_after,logical_mib_before,logical_mib_after,logical_mib_reclaimed,allocated_mib_before,allocated_mib_after,allocated_mib_reclaimed,source_records_verified,source_mib_verified,records_copied,copied_mib,records_dropped,expired_records_dropped,pre_intent_ms,publication_lease_ms,pacing_delay_ms,pacing_sleep_count,pacing_burst_bytes,transient_metadata_lower_bound_mib,effective_scan_mib_s,copy_mib_s
high-reclaim,1,1024,128,262144,1,1.259330,225.483667,19.127875,30.967583,5,2,320.000000,128.000000,192.000000,320.000000,128.000000,192.000000,124,31.009460,124,31.009460,0,0,180.701166,44.764042,0.000000,0,0,0.280350,137.524198,137.524198
high-reclaim,2,1024,128,262144,1,1.466252,176.692625,12.827458,27.567958,5,2,320.000000,128.000000,192.000000,320.000000,128.000000,192.000000,124,31.009460,124,31.009460,0,0,143.452625,33.218584,0.000000,0,0,0.280350,175.499461,175.499461
high-reclaim,3,1024,128,262144,1,2.190699,191.938709,12.335750,28.916417,5,2,320.000000,128.000000,192.000000,320.000000,128.000000,192.000000,124,31.009460,124,31.009460,0,0,163.069709,28.848250,0.000000,0,0,0.280350,161.559180,161.559180
high-reclaim,4,1024,128,262144,1,1.433664,195.267875,12.003250,28.284917,5,2,320.000000,128.000000,192.000000,320.000000,128.000000,192.000000,124,31.009460,124,31.009460,0,0,160.238042,35.010375,0.000000,0,0,0.280350,158.804721,158.804721
high-reclaim,5,1024,128,262144,1,2.403686,186.736000,11.994333,28.285500,5,2,320.000000,128.000000,192.000000,320.000000,128.000000,192.000000,124,31.009460,124,31.009460,0,0,149.870375,36.843917,0.000000,0,0,0.280350,166.060430,166.060430
high-reclaim,6,1024,128,262144,1,1.287668,204.170667,11.919250,28.288166,5,2,320.000000,128.000000,192.000000,320.000000,128.000000,192.000000,124,31.009460,124,31.009460,0,0,169.438000,34.711792,0.000000,0,0,0.280350,151.880096,151.880096
high-reclaim,7,1024,128,262144,1,2.389042,193.273041,12.526417,29.152959,5,2,320.000000,128.000000,192.000000,320.000000,128.000000,192.000000,124,31.009460,124,31.009460,0,0,158.568041,34.684083,0.000000,0,0,0.280350,160.443796,160.443796
