# benchmark=glyphastore_durable_compaction
# git_sha=9ba7397
# storage_mode=durable-periodic;seed_flush_before_measurement=true
# compaction_scope=public Store::compact;one Worker;maintenance disabled
# warmups=1;measured_repeats=7
scenario,repeat,operations,live_keys,value_bytes,compacted,seed_s,compact_ms,reopen_ms,verify_ms,segments_before,segments_after,logical_mib_before,logical_mib_after,logical_mib_reclaimed,allocated_mib_before,allocated_mib_after,allocated_mib_reclaimed,source_records_verified,source_mib_verified,records_copied,copied_mib,records_dropped,expired_records_dropped,pre_intent_ms,publication_lease_ms,pacing_delay_ms,pacing_sleep_count,pacing_burst_bytes,transient_metadata_lower_bound_mib,effective_scan_mib_s,copy_mib_s
low-reclaim,1,1024,768,262144,1,1.598540,593.871708,52.114625,133.630666,5,4,320.000000,256.000000,64.000000,320.000000,256.000000,64.000000,764,191.058289,764,191.058289,0,0,554.731667,39.119208,0.000000,0,0,0.401199,321.716435,321.716435
low-reclaim,2,1024,768,262144,1,2.430455,628.410292,73.723667,173.709791,5,4,320.000000,256.000000,64.000000,320.000000,256.000000,64.000000,764,191.058289,764,191.058289,0,0,588.924458,39.451000,0.000000,0,0,0.401199,304.034308,304.034308
low-reclaim,3,1024,768,262144,1,1.229617,526.965667,58.851542,138.164792,5,4,320.000000,256.000000,64.000000,320.000000,256.000000,64.000000,764,191.058289,764,191.058289,0,0,496.897541,30.044291,0.000000,0,0,0.401199,362.563067,362.563067
low-reclaim,4,1024,768,262144,1,1.268659,1294.362042,69.065166,173.200542,5,4,320.000000,256.000000,64.000000,320.000000,256.000000,64.000000,764,191.058289,764,191.058289,0,0,1223.677583,70.654209,0.000000,0,0,0.401199,147.608074,147.608074
low-reclaim,5,1024,768,262144,1,1.113601,540.097125,70.980208,168.446416,5,4,320.000000,256.000000,64.000000,320.000000,256.000000,64.000000,764,191.058289,764,191.058289,0,0,506.594125,33.471458,0.000000,0,0,0.401199,353.748020,353.748020
low-reclaim,6,1024,768,262144,1,1.163727,560.048875,68.800042,168.763042,5,4,320.000000,256.000000,64.000000,320.000000,256.000000,64.000000,764,191.058289,764,191.058289,0,0,526.266750,33.746084,0.000000,0,0,0.401199,341.145741,341.145741
low-reclaim,7,1024,768,262144,1,2.091776,624.926375,65.521667,160.785375,5,4,320.000000,256.000000,64.000000,320.000000,256.000000,64.000000,764,191.058289,764,191.058289,0,0,592.366208,32.530000,0.000000,0,0,0.401199,305.729277,305.729277
