# benchmark=glyphastore_durable_compaction
# git_sha=9ba7397
# storage_mode=durable-periodic;seed_flush_before_measurement=true
# compaction_scope=public Store::compact;one Worker;maintenance disabled
# warmups=1;measured_repeats=7
scenario,repeat,operations,live_keys,value_bytes,compacted,seed_s,compact_ms,reopen_ms,verify_ms,segments_before,segments_after,logical_mib_before,logical_mib_after,logical_mib_reclaimed,allocated_mib_before,allocated_mib_after,allocated_mib_reclaimed,source_records_verified,source_mib_verified,records_copied,copied_mib,records_dropped,expired_records_dropped,pre_intent_ms,publication_lease_ms,pacing_delay_ms,pacing_sleep_count,pacing_burst_bytes,transient_metadata_lower_bound_mib,effective_scan_mib_s,copy_mib_s
medium-reclaim,1,1024,512,262144,1,2.043020,401.124792,59.628625,114.170584,5,3,320.000000,192.000000,128.000000,320.000000,192.000000,128.000000,508,127.038757,508,127.038757,0,0,363.598792,37.496083,0.000000,0,0,0.371902,316.706321,316.706321
medium-reclaim,2,1024,512,262144,1,1.235437,428.933042,48.269917,115.386250,5,3,320.000000,192.000000,128.000000,320.000000,192.000000,128.000000,508,127.038757,508,127.038757,0,0,383.441917,45.463042,0.000000,0,0,0.371902,296.173866,296.173866
medium-reclaim,3,1024,512,262144,1,2.012013,405.047334,46.805875,114.948125,5,3,320.000000,192.000000,128.000000,320.000000,192.000000,128.000000,508,127.038757,508,127.038757,0,0,369.927083,35.095542,0.000000,0,0,0.371902,313.639288,313.639288
medium-reclaim,4,1024,512,262144,1,1.484082,1215.704125,46.979541,114.952417,5,3,320.000000,192.000000,128.000000,320.000000,192.000000,128.000000,508,127.038757,508,127.038757,0,0,1179.579500,36.092708,0.000000,0,0,0.371902,104.498089,104.498089
medium-reclaim,5,1024,512,262144,1,1.325140,404.528333,43.033500,92.656000,5,3,320.000000,192.000000,128.000000,320.000000,192.000000,128.000000,508,127.038757,508,127.038757,0,0,368.161916,36.340209,0.000000,0,0,0.371902,314.041680,314.041680
medium-reclaim,6,1024,512,262144,1,2.404756,404.870459,46.830583,115.747875,5,3,320.000000,192.000000,128.000000,320.000000,192.000000,128.000000,508,127.038757,508,127.038757,0,0,369.571209,35.271125,0.000000,0,0,0.371902,313.776307,313.776307
medium-reclaim,7,1024,512,262144,1,1.271086,461.555250,43.740667,109.512416,5,3,320.000000,192.000000,128.000000,320.000000,192.000000,128.000000,508,127.038757,508,127.038757,0,0,419.769541,41.762375,0.000000,0,0,0.371902,275.240629,275.240629
