# benchmark=glyphastore_durable_compaction
# git_sha=9ba7397
# storage_mode=durable-periodic;seed_flush_before_measurement=true
# compaction_scope=public Store::compact;one Worker;maintenance disabled
# warmups=1;measured_repeats=7
scenario,repeat,operations,live_keys,value_bytes,compacted,seed_s,compact_ms,reopen_ms,verify_ms,segments_before,segments_after,logical_mib_before,logical_mib_after,logical_mib_reclaimed,allocated_mib_before,allocated_mib_after,allocated_mib_reclaimed,source_records_verified,source_mib_verified,records_copied,copied_mib,records_dropped,expired_records_dropped,pre_intent_ms,publication_lease_ms,pacing_delay_ms,pacing_sleep_count,pacing_burst_bytes,transient_metadata_lower_bound_mib,effective_scan_mib_s,copy_mib_s
no-gain,1,1024,1024,262144,0,1.266730,124.501750,82.807417,186.705791,5,5,320.000000,320.000000,0.000000,320.000000,320.000000,0.000000,1020,255.077820,0,0.000000,1020,0,124.463667,0.000000,0.000000,0,0,0.000000,2048.789032,0.000000
no-gain,2,1024,1024,262144,0,1.156605,135.594625,93.814458,226.411625,5,5,320.000000,320.000000,0.000000,320.000000,320.000000,0.000000,1020,255.077820,0,0.000000,1020,0,135.549250,0.000000,0.000000,0,0,0.000000,1881.179433,0.000000
no-gain,3,1024,1024,262144,0,1.302417,133.072500,78.694083,201.428917,5,5,320.000000,320.000000,0.000000,320.000000,320.000000,0.000000,1020,255.077820,0,0.000000,1020,0,133.042958,0.000000,0.000000,0,0,0.000000,1916.833454,0.000000
no-gain,4,1024,1024,262144,0,1.880767,134.756875,91.861250,225.588500,5,5,320.000000,320.000000,0.000000,320.000000,320.000000,0.000000,1020,255.077820,0,0.000000,1020,0,134.719334,0.000000,0.000000,0,0,0.000000,1892.874258,0.000000
no-gain,5,1024,1024,262144,0,1.139561,126.740458,91.702584,225.336042,5,5,320.000000,320.000000,0.000000,320.000000,320.000000,0.000000,1020,255.077820,0,0.000000,1020,0,126.699375,0.000000,0.000000,0,0,0.000000,2012.599795,0.000000
no-gain,6,1024,1024,262144,0,1.262622,134.197792,91.276750,229.815750,5,5,320.000000,320.000000,0.000000,320.000000,320.000000,0.000000,1020,255.077820,0,0.000000,1020,0,134.155417,0.000000,0.000000,0,0,0.000000,1900.760184,0.000000
no-gain,7,1024,1024,262144,0,1.173728,134.328708,91.395916,214.607958,5,5,320.000000,320.000000,0.000000,320.000000,320.000000,0.000000,1020,255.077820,0,0.000000,1020,0,134.283333,0.000000,0.000000,0,0,0.000000,1898.907714,0.000000
