# benchmark=glyphastore_durable_compaction
# git_sha=9ba7397
# storage_mode=durable-periodic;seed_flush_before_measurement=true
# compaction_scope=public Store::compact;one Worker;maintenance disabled
# warmups=1;measured_repeats=7
scenario,repeat,operations,live_keys,value_bytes,compacted,seed_s,compact_ms,reopen_ms,verify_ms,segments_before,segments_after,logical_mib_before,logical_mib_after,logical_mib_reclaimed,allocated_mib_before,allocated_mib_after,allocated_mib_reclaimed,source_records_verified,source_mib_verified,records_copied,copied_mib,records_dropped,expired_records_dropped,pre_intent_ms,publication_lease_ms,pacing_delay_ms,pacing_sleep_count,pacing_burst_bytes,transient_metadata_lower_bound_mib,effective_scan_mib_s,copy_mib_s
ttl-50,1,1024,1024,262144,1,1.393604,1144.913500,58.186458,115.033208,5,3,320.000000,192.000000,128.000000,320.000000,192.000000,128.000000,1020,255.077820,510,127.538910,510,510,1109.459083,35.424417,0.000000,0,0,0.493973,222.792220,111.396110
ttl-50,2,1024,1024,262144,1,1.269618,424.020958,46.522958,112.119333,5,3,320.000000,192.000000,128.000000,320.000000,192.000000,128.000000,1020,255.077820,510,127.538910,510,510,387.316000,36.675084,0.000000,0,0,0.493973,601.568897,300.784448
ttl-50,3,1024,1024,262144,1,1.148606,440.495167,47.276209,112.457417,5,3,320.000000,192.000000,128.000000,320.000000,192.000000,128.000000,1020,255.077820,510,127.538910,510,510,393.848417,46.617208,0.000000,0,0,0.493973,579.070644,289.535322
ttl-50,4,1024,1024,262144,1,2.114207,480.998041,46.820500,114.550959,5,3,320.000000,192.000000,128.000000,320.000000,192.000000,128.000000,1020,255.077820,510,127.538910,510,510,444.866166,36.094667,0.000000,0,0,0.493973,530.309478,265.154739
ttl-50,5,1024,1024,262144,1,1.225300,446.549875,47.616167,114.030625,5,3,320.000000,192.000000,128.000000,320.000000,192.000000,128.000000,1020,255.077820,510,127.538910,510,510,411.760750,34.754292,0.000000,0,0,0.493973,571.219105,285.609552
ttl-50,6,1024,1024,262144,1,1.270069,452.611041,47.214542,116.387583,5,3,320.000000,192.000000,128.000000,320.000000,192.000000,128.000000,1020,255.077820,510,127.538910,510,510,407.958958,44.618500,0.000000,0,0,0.493973,563.569592,281.784796
ttl-50,7,1024,1024,262144,1,2.555174,483.097667,45.679083,114.020333,5,3,320.000000,192.000000,128.000000,320.000000,192.000000,128.000000,1020,255.077820,510,127.538910,510,510,446.304459,36.763958,0.000000,0,0,0.493973,528.004661,264.002330
